0 0.70779052734375 1 0.705022271484375 0.94587433203125 0.6959813203125 0.94810619140625 0.695476919921875 0.937928998046875 0.685314298828125 0.94087419140625 0.688453794921875 1 0.70779052734375 1
0 0.6505393828125 0.814539326171875 0.660442216796875 0.811388865234375 0.65933929296875 0.799084146484375 0.669461103515625 0.79616957421875 0.66626762890625 0.750622837890625 0.646986259765625 0.755888349609375 0.6505393828125 0.814539326171875
0 0.155954658203125 0 0.145073162109375 0.09639175 0.1668236328125 0.10648388671875 0.17873310546875 0 0.155954658203125 0
0 0.57216459765625 0 0.56623302734375 0.03303889453125 0.58396612109375 0.04972114453125 0.5920787734375 0 0.57216459765625 0
0 0.58414212109375 0.110381705078125 0.595005544921875 0.116120126953125 0.597238044921875 0.0780253984375 0.585517583984375 0.07259204296875 0.58414212109375 0.110381705078125
0 0.561266177734375 0.14161641015625 0.56725139453125 0.14194415625 0.566779513671875 0.15910725390625 0.573473185546875 0.15973099609375 0.5768389375 0.080935435546875 0.5702408125 0.0822623046875 0.569301517578125 0.103694060546875 0.563097580078125 0.10371220703125 0.561266177734375 0.14161641015625
0 0.58711878515625 0.16745518359375 0.599372634765625 0.171225982421875 0.60100096484375 0.1328227890625 0.58858097265625 0.12888527734375 0.58711878515625 0.16745518359375
0 0.55436398828125 0.14754535546875 0.543124333984375 0.147382048828125 0.542963640625 0.15450517578125 0.53782398046875 0.15382473046875 0.53739865234375 0.16405295703125 0.55904058203125 0.16745178125 0.559237736328125 0.1571883984375 0.554211583984375 0.15639227734375 0.55436398828125 0.14754535546875
0 0.59695294921875 0.19797995703125 0.5876224921875 0.194084408203125 0.58462095703125 0.25277848046875 0.593966080078125 0.25641432421875 0.594341669921875 0.24515182421875 0.60263838671875 0.248161658203125 0.603566271484375 0.225119513671875 0.59550223828125 0.2202520625 0.59695294921875 0.19797995703125
0 0.56720988671875 0.26187036328125 0.577655376953125 0.25977458984375 0.57977654296875 0.212392919921875 0.569643892578125 0.213657416015625 0.56720988671875 0.26187036328125
0 0.599372634765625 0.33932317578125 0.600173658203125 0.31372936328125 0.590446568359375 0.31232764453125 0.589578693359375 0.33632808203125 0.599372634765625 0.33932317578125
0 0.58369701953125 0.355000634765625 0.585709283203125 0.31455043359375 0.57192084375 0.3144495 0.57114351953125 0.33430602734375 0.56525204296875 0.3342822109375 0.564115068359375 0.35406388671875 0.58369701953125 0.355000634765625