0 0.14202470703125 0.748759974609375 0.14201538671875 0.762601998046875 0.191278771484375 0.78421456640625 0.191543173828125 0.76962909765625 0.14202470703125 0.748759974609375
0 0.1948887578125 0.77150298828125 0.19481027734375 0.785631869140625 0.21143150390625 0.792450189453125 0.211945033203125 0.778825427734375 0.1948887578125 0.77150298828125
0 0.04504533984375 0.84556701953125 0.05132986328125 0.84429534765625 0.035560794921875 0.756146828125 0.029290533203125 0.7590514375 0.04504533984375 0.84556701953125
0 0.06373649609375 0.836272271484375 0.069932392578125 0.8342290625 0.054064298828125 0.7465207734375 0.047843548828125 0.749409044921875 0.06373649609375 0.836272271484375
0 0.07213290625 0.80187626171875 0.0786221484375 0.79985846484375 0.07171791796875 0.760473787109375 0.065152107421875 0.76325858203125 0.07213290625 0.80187626171875
0 0.09079292578125 0.810711716796875 0.097187416015625 0.80783433984375 0.083075240234375 0.73038204296875 0.076818759765625 0.733347466796875 0.09079292578125 0.810711716796875
0 0.111444693359375 0.810711716796875 0.11741366015625 0.808650353515625 0.112290357421875 0.779001560546875 0.105684734375 0.7811055859375 0.111444693359375 0.810711716796875
0 0.10085739453125 0.7528519140625 0.10675206640625 0.75043201171875 0.10168848828125 0.721345986328125 0.095741333984375 0.7231459375 0.10085739453125 0.7528519140625
0 0.38802909765625 0.777904642578125 0.419378845703125 0.765414705078125 0.40007733203125 0.64650185546875 0.36963130078125 0.6592629921875 0.38802909765625 0.777904642578125
0 0.903282494140625 0.61320609765625 0.9022436171875 0.595259951171875 0.85068936328125 0.62100777734375 0.85163494921875 0.632176623046875 0.862135880859375 0.627850861328125 0.86308566796875 0.6333594296875 0.877315107421875 0.62615922265625 0.879326419921875 0.6371669609375 0.889268228515625 0.631482515625 0.88847170703125 0.62173679296875 0.903282494140625 0.61320609765625
0 0.925293759765625 0.63836319140625 0.939131287109375 0.63192019140625 0.93678928515625 0.5958721640625 0.922965279296875 0.602239978515625 0.925293759765625 0.63836319140625
0 0.94689341796875 0.590488455078125 0.9482290078125 0.608280205078125 0.97545119921875 0.594874634765625 0.97405823046875 0.57676872265625 0.94689341796875 0.590488455078125
0 1 0.62531072265625 0.99142694921875 0.629534443359375 0.992572673828125 0.646611947265625 1 0.6427214609375 1 0.62531072265625