0 0.011620919921875 0.109070255859375 0.02330777734375 0.13161138671875 0.14691562890625 0.117434845703125 0.136038556640625 0.09499671484375 0.011620919921875 0.109070255859375
0 0.8399615546875 0.62529792578125 0.83223897265625 0.64606975390625 0.88183052734375 0.649269080078125 0.8853419453125 0.63865407421875 0.89740266015625 0.63950915234375 0.9008971484375 0.629450072265625 0.8399615546875 0.62529792578125
0 0.3908795 0.56540644921875 0.36479004296875 0.56610481640625 0.3672786484375 0.576667501953125 0.39358677734375 0.5753662734375 0.3908795 0.56540644921875
0 0.4086736015625 0.537935537109375 0.388438859375 0.53976666796875 0.389666232421875 0.54544237890625 0.367888103515625 0.546767767578125 0.3677879375 0.561428697265625 0.412367009765625 0.558924587890625 0.4086736015625 0.537935537109375
0 0.26035038671875 0.54401631640625 0.259740931640625 0.55490162890625 0.310881515625 0.55263208984375 0.310820853515625 0.54094619921875 0.26035038671875 0.54401631640625
0 0.24065455859375 0.563220984375 0.24323627734375 0.57351573828125 0.26853005859375 0.57213803125 0.27148704296875 0.58078952734375 0.29814786328125 0.57906065234375 0.29422591015625 0.5712946015625 0.30555019921875 0.57022366796875 0.302004921875 0.56022300390625 0.24065455859375 0.563220984375
0 0.20989684765625 0.5626727734375 0.16895475390625 0.564205056640625 0.17314193359375 0.577771271484375 0.21409108203125 0.575975224609375 0.20989684765625 0.5626727734375
0 0.197096888671875 0.51062746484375 0.1971533203125 0.515438341796875 0.189258623046875 0.516075669921875 0.190136126953125 0.527628435546875 0.19847239453125 0.527376357421875 0.19989304296875 0.53312816796875 0.21120181640625 0.53355161328125 0.20732218359375 0.5095430546875 0.197096888671875 0.51062746484375
0 0.183394033203125 0.541568802734375 0.183394033203125 0.535535587890625 0.142017419921875 0.537084517578125 0.1409678046875 0.543782806640625 0.12048617578125 0.544634162109375 0.119028845703125 0.551892888671875 0.2039786484375 0.5481664453125 0.204215658203125 0.54125489453125 0.183394033203125 0.541568802734375
0 0.109679640625 0.56148055859375 0.115137927734375 0.57374754296875 0.156666904296875 0.57130659765625 0.151078826171875 0.559646255859375 0.109679640625 0.56148055859375
0 0 0.57261428125 0.08443523828125 0.5593305546875 0.068963271484375 0.540796796875 0 0.55184356640625 0 0.57261428125