0 0.39143738671875 0.480722046875 0.38465091796875 0.49291926953125 0.377094162109375 0.48149792578125 0.36327511328125 0.50911801171875 0.370210076171875 0.520733060546875 0.3631916953125 0.53443572265625 0.37033312890625 0.544803255859375 0.39921718359375 0.492487638671875 0.39143738671875 0.480722046875
0 0.42451956640625 0.405272134765625 0.400114078125 0.448795138671875 0.407297771484375 0.4604480859375 0.432086380859375 0.416756640625 0.42451956640625 0.405272134765625
0 0.433055560546875 0.335751337890625 0.44282142578125 0.3365230078125 0.442429181640625 0.28761410546875 0.432686390625 0.286977189453125 0.432534345703125 0.27403566796875 0.42272292578125 0.2738388046875 0.423507677734375 0.31141163671875 0.432855001953125 0.311972755859375 0.433055560546875 0.335751337890625
0 0.43184951953125 0.095421009765625 0.4227450859375 0.09388714453125 0.42234278515625 0.08136462109375 0.412298267578125 0.080533998046875 0.412355654296875 0.098448732421875 0.40271698828125 0.097598107421875 0.40280928125 0.12259262109375 0.41242546484375 0.123888564453125 0.412689919921875 0.141536951171875 0.42283678515625 0.14236336328125 0.423053193359375 0.17881501171875 0.432368369140625 0.17987092578125 0.43184951953125 0.095421009765625
0 0.782044623046875 0 0.770733923828125 0.003839728515625 0.772686861328125 0.053040244140625 0.90023944140625 0.009016125 0.89988844921875 0 0.782044623046875 0
0 0.981161892578125 0.414725875 0.94558721875 0.42654410546875 0.944744751953125 0.467692095703125 0.979970962890625 0.456267595703125 0.981161892578125 0.414725875
0 0.99797241015625 0.527811787109375 0.99155925390625 0.465350767578125 0.947838572265625 0.47710162109375 0.954041203125 0.5369876015625 0.99797241015625 0.527811787109375
0 0.992318302734375 0.548599490234375 0.99076589453125 0.534370451171875 0.95131374609375 0.54273143359375 0.953586720703125 0.558278521484375 0.992318302734375 0.548599490234375
0 0.933639703125 0.5679491328125 0.937995796875 0.54874582421875 0.93457091015625 0.54665505078125 0.930256576171875 0.56555516796875 0.933639703125 0.5679491328125
0 1 0.55004612890625 0.961981236328125 0.55851433984375 0.962827880859375 0.57390983203125 1 0.5656304296875 1 0.55004612890625
0 0.60539842578125 0.616343236328125 0.60808437890625 0.574017212890625 0.49472001953125 0.563484396484375 0.4941040859375 0.60625047265625 0.60539842578125 0.616343236328125