0 1 0.29220947265625 0.94587433203125 0.294977728515625 0.94810619140625 0.3040186796875 0.937928998046875 0.304523080078125 0.94087419140625 0.314685701171875 1 0.311546205078125 1 0.29220947265625
0 0.814539326171875 0.3494606171875 0.811388865234375 0.339557783203125 0.799084146484375 0.34066070703125 0.79616957421875 0.330538896484375 0.750622837890625 0.33373237109375 0.755888349609375 0.353013740234375 0.814539326171875 0.3494606171875
0 0 0.844045341796875 0.09639175 0.854926837890625 0.10648388671875 0.8331763671875 0 0.82126689453125 0 0.844045341796875
0 0 0.42783540234375 0.03303889453125 0.43376697265625 0.04972114453125 0.41603387890625 0 0.4079212265625 0 0.42783540234375
0 0.0780253984375 0.402761955078125 0.07259204296875 0.414482416015625 0.110381705078125 0.41585787890625 0.116120126953125 0.404994455078125 0.0780253984375 0.402761955078125
0 0.103694060546875 0.430698482421875 0.10371220703125 0.436902419921875 0.14161641015625 0.438733822265625 0.14194415625 0.43274860546875 0.15910725390625 0.433220486328125 0.15973099609375 0.426526814453125 0.080935435546875 0.4231610625 0.0822623046875 0.4297591875 0.103694060546875 0.430698482421875
0 0.1328227890625 0.39899903515625 0.12888527734375 0.41141902734375 0.16745518359375 0.41288121484375 0.171225982421875 0.400627365234375 0.1328227890625 0.39899903515625
0 0.1571883984375 0.440762263671875 0.15639227734375 0.445788416015625 0.14754535546875 0.44563601171875 0.147382048828125 0.456875666015625 0.15450517578125 0.457036359375 0.15382473046875 0.46217601953125 0.16405295703125 0.46260134765625 0.16745178125 0.44095941796875 0.1571883984375 0.440762263671875
0 0.225119513671875 0.396433728515625 0.2202520625 0.40449776171875 0.19797995703125 0.40304705078125 0.194084408203125 0.4123775078125 0.25277848046875 0.41537904296875 0.25641432421875 0.406033919921875 0.24515182421875 0.405658330078125 0.248161658203125 0.39736161328125 0.225119513671875 0.396433728515625
0 0.212392919921875 0.42022345703125 0.213657416015625 0.430356107421875 0.26187036328125 0.43279011328125 0.25977458984375 0.422344623046875 0.212392919921875 0.42022345703125
0 0.31232764453125 0.409553431640625 0.33632808203125 0.410421306640625 0.33932317578125 0.400627365234375 0.31372936328125 0.399826341796875 0.31232764453125 0.409553431640625
0 0.355000634765625 0.41630298046875 0.31455043359375 0.414290716796875 0.3144495 0.42807915625 0.33430602734375 0.42885648046875 0.3342822109375 0.43474795703125 0.35406388671875 0.435884931640625 0.355000634765625 0.41630298046875