0 0.876820578125 0.286379169921875 0.84047554296875 0.2894576875 0.852730265625 0.353894556640625 0.88717137109375 0.350966544921875 0.876820578125 0.286379169921875
0 0.739452548828125 1 0.74597494921875 0.975729255859375 0.72353992578125 0.971732515625 0.717502990234375 0.99519127734375 0.73845674609375 1 0.739452548828125 1
0 0.1483115625 0.211048291015625 0.11949337890625 0.2183473671875 0.13764526171875 0.27533184375 0.166287271484375 0.2689048359375 0.1483115625 0.211048291015625
0 0.12784185546875 0.287535337890625 0.109982396484375 0.28894841015625 0.111291115234375 0.310196369140625 0.127399623046875 0.309031498046875 0.12784185546875 0.287535337890625
0 0.11773883203125 0.318158333984375 0.097096548828125 0.31846620703125 0.096165345703125 0.34017828125 0.11652838671875 0.34006503125 0.11773883203125 0.318158333984375
0 0.15568329296875 0.29442208984375 0.1421311015625 0.293435861328125 0.139916345703125 0.33674569140625 0.1529663828125 0.33725869140625 0.15320607421875 0.327568296875 0.1652350234375 0.32817634765625 0.1670015546875 0.30702937890625 0.154661005859375 0.305233537109375 0.15568329296875 0.29442208984375
0 0.11070147265625 0.35405025390625 0.09525571484375 0.35488875 0.09464929296875 0.36841495703125 0.08161603515625 0.36862528125 0.082686259765625 0.382116333984375 0.09463491015625 0.38148805859375 0.094892580078125 0.38764002734375 0.10798576171875 0.38649201171875 0.11070147265625 0.35405025390625
0 0.142377984375 0.3666851796875 0.12164101953125 0.365591107421875 0.11943825 0.391959078125 0.14015843359375 0.393181921875 0.142377984375 0.3666851796875
0 0.09245131640625 0.41933848828125 0.07776777734375 0.41910290234375 0.076641224609375 0.432111609375 0.092155294921875 0.432572029296875 0.09245131640625 0.41933848828125
0 0.101277978515625 0.443597171875 0.13749665234375 0.444744513671875 0.137742337890625 0.4336330859375 0.125833236328125 0.43322255078125 0.12666376953125 0.42203090234375 0.10231225 0.421346943359375 0.101277978515625 0.443597171875
0 0.17522658984375 0.337009345703125 0.1656808515625 0.337095630859375 0.16429662890625 0.34263752734375 0.18538234375 0.343083791015625 0.1837320625 0.3328581484375 0.177172888671875 0.3324483203125 0.17522658984375 0.337009345703125