0 0.324585845703125 0.424346462890625 0.339744111328125 0.45461260546875 0.34803319921875 0.442097078125 0.3554773515625 0.45546281640625 0.364011095703125 0.44257005859375 0.332327859375 0.38524250390625 0.324494341796875 0.396603267578125 0.3321928828125 0.411618669921875 0.324585845703125 0.424346462890625
0 0.4000656796875 0.525556232421875 0.372874783203125 0.477679060546875 0.36499491015625 0.490448384765625 0.39176555859375 0.538140978515625 0.4000656796875 0.525556232421875
0 0.4007238359375 0.667768806640625 0.41141080859375 0.66707087109375 0.41184106640625 0.61347640234375 0.401128783203125 0.614322 0.400908787109375 0.640378615234375 0.39065560546875 0.640993490234375 0.389794802734375 0.682165875 0.4005570546875 0.681950150390625 0.4007238359375 0.667768806640625
0 0.378359880859375 0.89398965625 0.3893778203125 0.89307945703125 0.389819109375 0.879357251953125 0.39980586328125 0.877676439453125 0.40037499609375 0.785136056640625 0.390157076171875 0.78629312890625 0.389919697265625 0.826236916015625 0.37878948828125 0.827142501953125 0.37849940625 0.846481638671875 0.36795130859375 0.847901734375 0.367850072265625 0.875290771484375 0.378422830078125 0.874358654296875 0.378359880859375 0.89398965625
0 0.912510771484375 1 0.91358790234375 0.972359078125 0.773674078125 0.924117365234375 0.771531880859375 0.978031384765625 0.836310388671875 1 0.912510771484375 1
0 1 0.48192106640625 0.962406267578125 0.4697410625 0.963330376953125 0.514831109375 1 0.527000775390625 1 0.48192106640625
0 1 0.39952334375 0.97260364453125 0.393806912109375 0.96579991015625 0.4594300859375 1 0.46861278515625 1 0.39952334375
0 1 0.377440169921875 0.9721051171875 0.370476279296875 0.9696118671875 0.38751280859375 1 0.39394637109375 1 0.377440169921875
0 0.94651402734375 0.36250251953125 0.95124646875 0.38321330078125 0.955003263671875 0.38092223046875 0.950225015625 0.35987920703125 0.94651402734375 0.36250251953125
0 1 0.35729876171875 0.98224184765625 0.3533474609375 0.981313154296875 0.37021787109375 1 0.37437592578125 1 0.35729876171875
0 0.468093580078125 0.317908525390625 0.468769203125 0.364771673828125 0.593119814453125 0.35322979296875 0.5901735625 0.30684885546875 0.468093580078125 0.317908525390625