0 0.223299888671875 0.11542160546875 0.269206033203125 0.114013986328125 0.270690017578125 0.101520173828125 0.22497263671875 0.10249248046875 0.223299888671875 0.11542160546875
0 0.272215994140625 0.113705771484375 0.2872532890625 0.11272393359375 0.28884091015625 0.10027937109375 0.273244763671875 0.10127233203125 0.272215994140625 0.113705771484375
0 0.43786039453125 0.292929271484375 0.467451044921875 0.194986220703125 0.441685185546875 0.172575544921875 0.411864837890625 0.27322869921875 0.43786039453125 0.292929271484375
0 0.862441146484375 0.48234281640625 0.863839708984375 0.4733484375 0.855663388671875 0.46517726171875 0.853345251953125 0.473492466796875 0.84106051953125 0.4621836875 0.83991401953125 0.46714897265625 0.83128334375 0.459622201171875 0.82840642578125 0.468371978515625 0.87170880859375 0.51022737890625 0.87447381640625 0.49396200390625 0.862441146484375 0.48234281640625
0 0.90129368359375 0.521421927734375 0.90779494140625 0.490084388671875 0.89600711328125 0.479647234375 0.88971137890625 0.511192126953125 0.90129368359375 0.521421927734375
0 0.932511033203125 0.551738845703125 0.935471544921875 0.53444416015625 0.91263504296875 0.513022291015625 0.909495142578125 0.52795663671875 0.932511033203125 0.551738845703125
0 0.970386732421875 0.526080529296875 0.9734212578125 0.511714853515625 0.956439802734375 0.495540119140625 0.953340744140625 0.51052164453125 0.970386732421875 0.526080529296875
0 1 0.670612322265625 0.990410841796875 0.6624153984375 0.99416844140625 0.64860969921875 0.982588927734375 0.639121150390625 0.96923450390625 0.68320651953125 0.98038879296875 0.69288751953125 0.983963052734375 0.68240442578125 0.994761244140625 0.69154780078125 1 0.67380533984375 1 0.670612322265625
0 0.24239174609375 1 0.24879356640625 0.99636586328125 0.2430778203125 0.978142435546875 0.236160416015625 0.9840364609375 0.231002560546875 0.966779025390625 0.224365845703125 0.973522326171875 0.21833938671875 0.95357303125 0.2144407890625 0.956751607421875 0.22582411328125 1 0.24239174609375 1
0 0.259730705078125 0.91537423828125 0.25659633203125 0.89847935546875 0.21980463671875 0.9316408515625 0.22345534765625 0.94894050390625 0.23046980859375 0.941896728515625 0.23330394140625 0.95811740234375 0.255285046875 0.93904966796875 0.25205222265625 0.923041310546875 0.259730705078125 0.91537423828125
0 0.147571111328125 0 0.125599169921875 0.0674303125 0.13086486328125 0.073568734375 0.15432783984375 0 0.147571111328125 0
0 0.14089934375 0.08108899609375 0.146215302734375 0.0878311484375 0.169691720703125 0.01550944140625 0.164034427734375 0.011254015625 0.14089934375 0.08108899609375
0 0.163227033203125 0.081260443359375 0.173802916015625 0.048285296875 0.16842844921875 0.04333382421875 0.15749303125 0.07577704296875 0.163227033203125 0.081260443359375
0 0.170095505859375 0.11097221875 0.1906432421875 0.047618556640625 0.18589340625 0.04234176953125 0.164456453125 0.10728828515625 0.170095505859375 0.11097221875
0 0.19241825 0.100959369140625 0.187487123046875 0.09675816015625 0.1802824140625 0.1219185078125 0.18506441015625 0.126214962890625 0.19241825 0.100959369140625
0 0.208507865234375 0.054984953125 0.202928208984375 0.05035439453125 0.1954753359375 0.074276505859375 0.201255384765625 0.07907265234375 0.208507865234375 0.054984953125