0 0.38152193359375 0.84491248828125 0.35930133203125 0.83884173046875 0.355621044921875 0.891353857421875 0.367285814453125 0.89471415234375 0.36601476171875 0.908900611328125 0.37742717578125 0.912532869140625 0.38152193359375 0.84491248828125
0 0.924125845703125 0 0.93488008203125 0.096195630859375 0.959946171875 0.08456012109375 0.950404380859375 0 0.924125845703125 0
0 0.449133298828125 0 0.454148798828125 0.03075225390625 0.474585109375 0.011518814453125 0.47251798046875 0 0.449133298828125 0
0 0.44142653515625 0.107305525390625 0.45394597265625 0.10068953515625 0.45236083203125 0.05712076171875 0.43885371484375 0.06338503125 0.44142653515625 0.107305525390625
0 0.469966380859375 0.068269880859375 0.462362443359375 0.06674009765625 0.46624126953125 0.157585736328125 0.47395531640625 0.15686660546875 0.47341150390625 0.13707878515625 0.48030909765625 0.1367009140625 0.47819851953125 0.09300008203125 0.471048861328125 0.092979162109375 0.469966380859375 0.068269880859375
0 0.436393732421875 0.170838634765625 0.450515544921875 0.166491169921875 0.44883046484375 0.12202283203125 0.43451718359375 0.126562498046875 0.436393732421875 0.170838634765625
0 0.482873962890625 0.166487248046875 0.507814966796875 0.162568646484375 0.50732480078125 0.150776234375 0.50140166015625 0.15156073828125 0.50121646875 0.14334828515625 0.488263453125 0.143536564453125 0.48843908984375 0.15373643359375 0.482646755859375 0.154654302734375 0.482873962890625 0.166487248046875
0 0.43263015234375 0.259539958984375 0.44219161328125 0.256069833984375 0.44262445703125 0.269054693359375 0.453394140625 0.26486282421875 0.4499350546875 0.19719276171875 0.4391822734375 0.20168405078125 0.44085412890625 0.227362193359375 0.4315608203125 0.232974017578125 0.43263015234375 0.259539958984375
0 0.461421548828125 0.27292883984375 0.4734593359375 0.27534511328125 0.470654294921875 0.219759037109375 0.458977033203125 0.218301166015625 0.461421548828125 0.27292883984375
0 0.4354706015625 0.335134828125 0.436393732421875 0.364642662109375 0.44768065234375 0.36118953515625 0.44668048046875 0.333518748046875 0.4354706015625 0.335134828125
0 0.477025927734375 0.3816376484375 0.475715634765625 0.35883079296875 0.46892606640625 0.358858248046875 0.46803024609375 0.335965095703125 0.45213991015625 0.33608146484375 0.454458923828125 0.382717650390625 0.477025927734375 0.3816376484375