0 0.85797529296875 0.251240025390625 0.85798461328125 0.237398001953125 0.808721228515625 0.21578543359375 0.808456826171875 0.23037090234375 0.85797529296875 0.251240025390625
0 0.8051112421875 0.22849701171875 0.80518972265625 0.214368130859375 0.78856849609375 0.207549810546875 0.788054966796875 0.221174572265625 0.8051112421875 0.22849701171875
0 0.95495466015625 0.15443298046875 0.94867013671875 0.15570465234375 0.964439205078125 0.243853171875 0.970709466796875 0.2409485625 0.95495466015625 0.15443298046875
0 0.93626350390625 0.163727728515625 0.930067607421875 0.1657709375 0.945935701171875 0.2534792265625 0.952156451171875 0.250590955078125 0.93626350390625 0.163727728515625
0 0.92786709375 0.19812373828125 0.9213778515625 0.20014153515625 0.92828208203125 0.239526212890625 0.934847892578125 0.23674141796875 0.92786709375 0.19812373828125
0 0.90920707421875 0.189288283203125 0.902812583984375 0.19216566015625 0.916924759765625 0.26961795703125 0.923181240234375 0.266652533203125 0.90920707421875 0.189288283203125
0 0.888555306640625 0.189288283203125 0.88258633984375 0.191349646484375 0.887709642578125 0.220998439453125 0.894315265625 0.2188944140625 0.888555306640625 0.189288283203125
0 0.89914260546875 0.2471480859375 0.89324793359375 0.24956798828125 0.89831151171875 0.278654013671875 0.904258666015625 0.2768540625 0.89914260546875 0.2471480859375
0 0.61197090234375 0.222095357421875 0.580621154296875 0.234585294921875 0.59992266796875 0.35349814453125 0.63036869921875 0.3407370078125 0.61197090234375 0.222095357421875
0 0.096717505859375 0.38679390234375 0.0977563828125 0.404740048828125 0.14931063671875 0.37899222265625 0.14836505078125 0.367823376953125 0.137864119140625 0.372149138671875 0.13691433203125 0.3666405703125 0.122684892578125 0.37384077734375 0.120673580078125 0.3628330390625 0.110731771484375 0.368517484375 0.11152829296875 0.37826320703125 0.096717505859375 0.38679390234375
0 0.074706240234375 0.36163680859375 0.060868712890625 0.36807980859375 0.06321071484375 0.4041278359375 0.077034720703125 0.397760021484375 0.074706240234375 0.36163680859375
0 0.05310658203125 0.409511544921875 0.0517709921875 0.391719794921875 0.02454880078125 0.405125365234375 0.02594176953125 0.42323127734375 0.05310658203125 0.409511544921875
0 0 0.37468927734375 0.00857305078125 0.370465556640625 0.007427326171875 0.353388052734375 0 0.3572785390625 0 0.37468927734375