0 0.455196744140625 0.37033312890625 0.507512361328125 0.39921718359375 0.519277953125 0.39143738671875 0.50708073046875 0.38465091796875 0.51850207421875 0.377094162109375 0.49088198828125 0.36327511328125 0.479266939453125 0.370210076171875 0.46556427734375 0.3631916953125 0.455196744140625 0.37033312890625
0 0.5395519140625 0.407297771484375 0.583243359375 0.432086380859375 0.594727865234375 0.42451956640625 0.551204861328125 0.400114078125 0.5395519140625 0.407297771484375
0 0.68858836328125 0.423507677734375 0.688027244140625 0.432855001953125 0.664248662109375 0.433055560546875 0.6634769921875 0.44282142578125 0.71238589453125 0.442429181640625 0.713022810546875 0.432686390625 0.72596433203125 0.432534345703125 0.7261611953125 0.42272292578125 0.68858836328125 0.423507677734375
0 0.87740737890625 0.40280928125 0.876111435546875 0.41242546484375 0.858463048828125 0.412689919921875 0.85763663671875 0.42283678515625 0.82118498828125 0.423053193359375 0.82012907421875 0.432368369140625 0.904578990234375 0.43184951953125 0.90611285546875 0.4227450859375 0.91863537890625 0.42234278515625 0.919466001953125 0.412298267578125 0.901551267578125 0.412355654296875 0.902401892578125 0.40271698828125 0.87740737890625 0.40280928125
0 1 0.782044623046875 0.996160271484375 0.770733923828125 0.946959755859375 0.772686861328125 0.990983875 0.90023944140625 1 0.89988844921875 1 0.782044623046875
0 0.532307904296875 0.944744751953125 0.543732404296875 0.979970962890625 0.585274125 0.981161892578125 0.57345589453125 0.94558721875 0.532307904296875 0.944744751953125
0 0.52289837890625 0.947838572265625 0.4630123984375 0.954041203125 0.472188212890625 0.99797241015625 0.534649232421875 0.99155925390625 0.52289837890625 0.947838572265625
0 0.45726856640625 0.95131374609375 0.441721478515625 0.953586720703125 0.451400509765625 0.992318302734375 0.465629548828125 0.99076589453125 0.45726856640625 0.95131374609375
0 0.45334494921875 0.93457091015625 0.43444483203125 0.930256576171875 0.4320508671875 0.933639703125 0.45125417578125 0.937995796875 0.45334494921875 0.93457091015625
0 0.44995387109375 1 0.44148566015625 0.961981236328125 0.42609016796875 0.962827880859375 0.4343695703125 1 0.44995387109375 1
0 0.436515603515625 0.49472001953125 0.39374952734375 0.4941040859375 0.383656763671875 0.60539842578125 0.425982787109375 0.60808437890625 0.436515603515625 0.49472001953125