0 0.489623115234375 0.08766383984375 0.4853673046875 0.09373837890625 0.567010328125 0.108567708984375 0.570847271484375 0.102053912109375 0.489623115234375 0.08766383984375
0 0.480128458984375 0.104776125 0.475747388671875 0.111135255859375 0.55807182421875 0.126026015625 0.56188772265625 0.12011208984375 0.480128458984375 0.104776125
0 0.48870521484375 0.127900392578125 0.525677759765625 0.13379741015625 0.530571890625 0.127740646484375 0.49362740625 0.121226798828125 0.48870521484375 0.127900392578125
0 0.460692220703125 0.1381232421875 0.53379656640625 0.151692470703125 0.5379191015625 0.14531755859375 0.46494602734375 0.132059412109375 0.460692220703125 0.1381232421875
0 0.506187408203125 0.165958248046875 0.5343116328125 0.17035790625 0.53749823046875 0.16439475 0.5100654375 0.15933762890625 0.506187408203125 0.165958248046875
0 0.451695595703125 0.155694822265625 0.479818818359375 0.16040330859375 0.483370169921875 0.154437533203125 0.45561971875 0.1497346875 0.451695595703125 0.155694822265625
0 0.50214303515625 0.239794501953125 0.516865515625 0.239392125 0.496453255859375 0.192967634765625 0.481887099609375 0.193329 0.50214303515625 0.239794501953125
0 0.5098810546875 0.25822437109375 0.524734806640625 0.257894693359375 0.5177453359375 0.242609412109375 0.503016845703125 0.24307776171875 0.5098810546875 0.25822437109375
0 0.395402955078125 0.40694747265625 0.38157349609375 0.43647433984375 0.49437947265625 0.45421808203125 0.509014234375 0.423589837890625 0.395402955078125 0.40694747265625
0 0.369879015625 0.870750669921875 0.3642418515625 0.86992135546875 0.36777735546875 0.859767970703125 0.35812119921875 0.859052728515625 0.333392310546875 0.9076943125 0.35166059375 0.90850153515625 0.35870289453125 0.89462494140625 0.368809298828125 0.89530895703125 0.37400679296875 0.88545998046875 0.3639668671875 0.88489747265625 0.369879015625 0.870750669921875
0 0.332934509765625 0.94018973046875 0.369304873046875 0.942505185546875 0.375966427734375 0.92923018359375 0.339511453125 0.927190033203125 0.332934509765625 0.94018973046875
0 0.31324598046875 0.97584379296875 0.33239662890625 0.97639185546875 0.3453435234375 0.950282369140625 0.32722330859375 0.94986904296875 0.31324598046875 0.97584379296875
0 0.37967013671875 1 0.38363575390625 0.99249341015625 0.36371605859375 0.991486083984375 0.360215646484375 1 0.37967013671875 1