0 0.48384965625 0.113337529296875 0.4878456640625 0.120117951171875 0.572873283203125 0.10468162109375 0.56844104296875 0.098358439453125 0.48384965625 0.113337529296875
0 0.493180630859375 0.13213487109375 0.49715472265625 0.1382908671875 0.582892001953125 0.12279059375 0.57832930859375 0.11617116796875 0.493180630859375 0.13213487109375
0 0.56427075 0.13329520703125 0.525794693359375 0.140075681640625 0.530891716796875 0.14638036328125 0.56939699609375 0.140241966796875 0.56427075 0.13329520703125
0 0.59414114453125 0.144571224609375 0.518142896484375 0.15837205859375 0.5224363359375 0.16500791015625 0.598571296875 0.15088326171875 0.59414114453125 0.144571224609375
0 0.547151263671875 0.172966001953125 0.51858121484375 0.178230123046875 0.52189991796875 0.184437365234375 0.551190060546875 0.17985762109375 0.547151263671875 0.172966001953125
0 0.603854083984375 0.16296998828125 0.574953208984375 0.167865333984375 0.57865178515625 0.17407530078125 0.60794088671875 0.169174087890625 0.603854083984375 0.16296998828125
0 0.57649776171875 0.208348720703125 0.561327751953125 0.2079725625 0.54006928125 0.25629731640625 0.55540209765625 0.2567161640625 0.57649776171875 0.208348720703125
0 0.5544920625 0.260133814453125 0.539152986328125 0.259646294921875 0.53187376171875 0.27555723828125 0.5473432890625 0.275900412109375 0.5544920625 0.260133814453125
0 0.548246044921875 0.44803467578125 0.563487505859375 0.47991660546875 0.68096996875 0.461446568359375 0.6665671953125 0.430711099609375 0.548246044921875 0.44803467578125
0 0.71212294140625 0.95279494921875 0.731148552734375 0.95195468359375 0.705394505859375 0.901322083984375 0.69533804296875 0.902066603515625 0.69902011328125 0.91263558984375 0.693149255859375 0.913498849609375 0.699306498046875 0.92822471484375 0.688850357421875 0.92881024609375 0.694263318359375 0.93906236328125 0.7047886953125 0.938350349609375 0.71212294140625 0.95279494921875
0 0.724775736328125 0.97224841015625 0.686809482421875 0.97437206640625 0.69374719921875 0.988190447265625 0.731625333984375 0.985780212890625 0.724775736328125 0.97224841015625