0 0.136825189453125 0.7138454296875 0.1368156875 0.727963423828125 0.187038181640625 0.7500068828125 0.18730773046875 0.73513062109375 0.136825189453125 0.7138454296875
0 0.19071844921875 0.737041873046875 0.19063844140625 0.75145244140625 0.207583267578125 0.75840669921875 0.208106794921875 0.74451030078125 0.19071844921875 0.737041873046875
0 0.037957728515625 0.812582521484375 0.04436460546875 0.81128549609375 0.02828852734375 0.721379556640625 0.021896189453125 0.72434207421875 0.037957728515625 0.812582521484375
0 0.057012783203125 0.80310246484375 0.063329306640625 0.80101851953125 0.04715227734375 0.711561587890625 0.0408104140625 0.71450744140625 0.057012783203125 0.80310246484375
0 0.065572662109375 0.76802069921875 0.072188244140625 0.765962673828125 0.06514959375 0.725792783203125 0.058455955078125 0.72863309765625 0.065572662109375 0.76802069921875
0 0.084595974609375 0.77703230859375 0.09111495703125 0.7740975625 0.076728033203125 0.69510109765625 0.070349744140625 0.698125642578125 0.084595974609375 0.77703230859375
0 0.1056498125 0.77703230859375 0.11173498828125 0.774929845703125 0.106511939453125 0.744689943359375 0.099777712890625 0.74683591796875 0.1056498125 0.77703230859375
0 0.094856388671875 0.71801894921875 0.10086582421875 0.715550802734375 0.095703662109375 0.685884888671875 0.08964072265625 0.687720724609375 0.094856388671875 0.71801894921875
0 0.387619044921875 0.74357115625 0.419579140625 0.73083220703125 0.39990184765625 0.609548587890625 0.368863060546875 0.62256414453125 0.387619044921875 0.74357115625
0 0.912903921875 0.575589009765625 0.9118448203125 0.5572850703125 0.85928685546875 0.58354623046875 0.860250849609375 0.59493775390625 0.8709562265625 0.59052574609375 0.87192450390625 0.596144138671875 0.8864309765625 0.588800380859375 0.88848144921875 0.60002758203125 0.898616814453125 0.5942298046875 0.897804783203125 0.584289783203125 0.912903921875 0.575589009765625
0 0.9353437265625 0.60124766015625 0.949450658203125 0.594676208984375 0.94706305859375 0.55790948828125 0.932969912109375 0.5644042578125 0.9353437265625 0.60124766015625
0 0.957363908203125 0.552418443359375 0.958725501953125 0.57056491015625 0.98647768359375 0.556892072265625 0.98505759375 0.538425181640625 0.957363908203125 0.552418443359375