0 0.122372259765625 0.272485833984375 0.11959310546875 0.31985530078125 0.1721389453125 0.32184662890625 0.174587939453125 0.275546130859375 0.122372259765625 0.272485833984375
0 0.17249566796875 0.32478889453125 0.130279623046875 0.3400653984375 0.1721389453125 0.3697206484375 0.21381358203125 0.35472704296875 0.17249566796875 0.32478889453125
0 0.2186470546875 0.3576422890625 0.178950841796875 0.3741432890625 0.209344419921875 0.396267158203125 0.25033596875 0.38023330859375 0.2186470546875 0.3576422890625
0 0.26409511328125 0.4591279453125 0.27434268359375 0.455319638671875 0.28227281640625 0.46045829296875 0.29188790234375 0.45671326953125 0.298742806640625 0.462003373046875 0.4107463125 0.41301302734375 0.40279214453125 0.40773358984375 0.39420422265625 0.412124234375 0.38541390234375 0.40598159765625 0.37612518359375 0.409964818359375 0.36889331640625 0.40444789453125 0.35949580859375 0.408320193359375 0.35121148046875 0.402954953125 0.23811630078125 0.451858197265625 0.24624630078125 0.45803223828125 0.256912578125 0.453690658203125 0.26409511328125 0.4591279453125
0 0.296158458984375 0.49809634765625 0.331469 0.482806951171875 0.3059645546875 0.464442326171875 0.270253015625 0.47972603515625 0.296158458984375 0.49809634765625
0 0.032021271484375 0.456083388671875 0.066309818359375 0.47713885546875 0.13164080859375 0.44945373828125 0.0989656875 0.42705880859375 0.032021271484375 0.456083388671875
0 0 0.405971572265625 0.000917216796875 0.40665576171875 0.01372449609375 0.401736443359375 0 0.391527228515625 0 0.405971572265625
0 0 0.390149115234375 0.0146555859375 0.40076458984375 0.026974603515625 0.39572408984375 0.00759271484375 0.381936234375 0 0.385310931640625 0 0.390149115234375
0 0.028259181640625 0.39511134375 0.0405643359375 0.39019743359375 0.021257150390625 0.375959375 0.009717505859375 0.381334955078125 0.028259181640625 0.39511134375
0 0.041468470703125 0.389790638671875 0.05365040234375 0.384766443359375 0.03449339453125 0.370657818359375 0.02262875390625 0.375500515625 0.041468470703125 0.389790638671875
0 0.05526921875 0.380368560546875 0.067845458984375 0.375246845703125 0.04838809765625 0.36124427734375 0.036444134765625 0.36645666015625 0.05526921875 0.380368560546875