0 0.83962314453125 0.1365454453125 0.829181578125 0.158096400390625 0.947840287109375 0.17171241796875 0.95905921484375 0.15006253515625 0.83962314453125 0.1365454453125
0 0.1053887734375 0.649867201171875 0.108743345703125 0.65952855859375 0.12032116015625 0.65870729296875 0.123691984375 0.668902591796875 0.171297939453125 0.665829765625 0.1638845625 0.6458792265625 0.1053887734375 0.649867201171875
0 0.592386912109375 0.59792180859375 0.617641689453125 0.599171587890625 0.62003065234375 0.58902653515625 0.59498579296875 0.588355783203125 0.592386912109375 0.59792180859375
0 0.57435862109375 0.582130205078125 0.617152791015625 0.5845353046875 0.61705663671875 0.57045405078125 0.59615048046875 0.569181064453125 0.597328712890625 0.563729763671875 0.577904150390625 0.56197103515625 0.57435862109375 0.582130205078125
0 0.67183896484375 0.56486266015625 0.67178073046875 0.57608650390625 0.7208736953125 0.57826630859375 0.72028864453125 0.56781138671875 0.67183896484375 0.56486266015625
0 0.709597888671875 0.6031306328125 0.712436478515625 0.59482120703125 0.73671751953125 0.59614444140625 0.7391958671875 0.586256728515625 0.680301916015625 0.58337728515625 0.67689858984375 0.59298253515625 0.68776946484375 0.594011125 0.68400454296875 0.6014701171875 0.709597888671875 0.6031306328125
0 0.76469576953125 0.59850668359375 0.8040053515625 0.60023171484375 0.80802487890625 0.587201892578125 0.768722068359375 0.585730193359375 0.76469576953125 0.59850668359375
0 0.78769158984375 0.552071462890625 0.78853395703125 0.54097548046875 0.780955357421875 0.540363349609375 0.781009529296875 0.535742689453125 0.77119364453125 0.534701154296875 0.7674693515625 0.5577604453125 0.778325330078125 0.5573537421875 0.77968909765625 0.5518293515625 0.78769158984375 0.552071462890625
0 0.8348912578125 0.567587111328125 0.83388366796875 0.561153662109375 0.794163736328125 0.5596659765625 0.794163736328125 0.565460646484375 0.7741757890625 0.565159150390625 0.77440330859375 0.57179742578125 0.85595180078125 0.57537653125 0.854552822265625 0.5684048046875 0.8348912578125 0.567587111328125
0 0.825185072265625 0.58282333984375 0.819820734375 0.594022646484375 0.8596869296875 0.596367080078125 0.864926671875 0.584585115234375 0.825185072265625 0.58282333984375
0 1 0.58010273046875 0.904012796875 0.5647191640625 0.889160314453125 0.58252012109375 0.99244378515625 0.59877760546875 1 0.590605720703125 1 0.58010273046875