0 0.70364022265625 0.27228678515625 0.75149348046875 0.274818119140625 0.754656408203125 0.220846814453125 0.70569833203125 0.217974220703125 0.70364022265625 0.27228678515625
0 0.654160669921875 0.27228678515625 0.669657111328125 0.31536262890625 0.700599283203125 0.272655501953125 0.68481045703125 0.229020044921875 0.654160669921875 0.27228678515625
0 0.626723880859375 0.310743201171875 0.643295453125 0.353112990234375 0.66664409765625 0.32035861328125 0.649589708984375 0.27932771484375 0.626723880859375 0.310743201171875
0 0.61826879296875 0.475656541015625 0.61426662890625 0.46594306640625 0.61981180078125 0.457380197265625 0.569268509765625 0.34048246484375 0.56288741015625 0.348885818359375 0.567374595703125 0.35991072265625 0.561754958984375 0.36733475390625 0.565690982421875 0.377926873046875 0.56037999609375 0.386123638671875 0.564250615234375 0.396062005859375 0.55878309765625 0.403147390625 0.609416412109375 0.5189167421875 0.61487290625 0.5106951328125 0.610335013671875 0.501818462890625 0.61668365234375 0.492732591796875 0.61256684765625 0.4831315625 0.61826879296875 0.475656541015625
0 0.5562623515625 0.410611951171875 0.540466080078125 0.37369969921875 0.52147969140625 0.40047615234375 0.53728183984375 0.436973923828125 0.5562623515625 0.410611951171875
0 0.57175360546875 0.23042699609375 0.594899583984375 0.19665325390625 0.564901619140625 0.12745799609375 0.543140025390625 0.16289941015625 0.57175360546875 0.23042699609375
0 0.635516943359375 0.08912462109375 0.63018255078125 0.076275984375 0.615986880859375 0.09530814453125 0.62107117578125 0.108546037109375 0.635516943359375 0.08912462109375
0 0.64153541796875 0.102208087890625 0.636145994140625 0.090081443359375 0.62207562109375 0.109508431640625 0.6272851640625 0.12224164453125 0.64153541796875 0.102208087890625
0 0.64771271875 0.11633195703125 0.642156861328125 0.1044043203125 0.627918458984375 0.1235694140625 0.632997166015625 0.13628830078125 0.64771271875 0.11633195703125
0 0.6531920703125 0.130013236328125 0.648186966796875 0.11774967578125 0.6334176015625 0.13722283203125 0.63861029296875 0.14981435546875 0.6531920703125 0.130013236328125
0 0.66292130859375 0.1443751171875 0.657534123046875 0.13202956640625 0.6431556640625 0.15148759765625 0.64844914453125 0.16448668359375 0.66292130859375 0.1443751171875