0 0.220846814453125 0.245343591796875 0.217974220703125 0.29430166796875 0.27228678515625 0.29635977734375 0.274818119140625 0.24850651953125 0.220846814453125 0.245343591796875
0 0.272655501953125 0.299400716796875 0.229020044921875 0.31518954296875 0.27228678515625 0.345839330078125 0.31536262890625 0.330342888671875 0.272655501953125 0.299400716796875
0 0.32035861328125 0.33335590234375 0.27932771484375 0.350410291015625 0.310743201171875 0.373276119140625 0.353112990234375 0.356704546875 0.32035861328125 0.33335590234375
0 0.36733475390625 0.438245041015625 0.377926873046875 0.434309017578125 0.386123638671875 0.43962000390625 0.396062005859375 0.435749384765625 0.403147390625 0.44121690234375 0.5189167421875 0.390583587890625 0.5106951328125 0.38512709375 0.501818462890625 0.389664986328125 0.492732591796875 0.38331634765625 0.4831315625 0.38743315234375 0.475656541015625 0.38173120703125 0.46594306640625 0.38573337109375 0.457380197265625 0.38018819921875 0.34048246484375 0.430731490234375 0.348885818359375 0.43711258984375 0.35991072265625 0.432625404296875 0.36733475390625 0.438245041015625
0 0.40047615234375 0.47852030859375 0.436973923828125 0.46271816015625 0.410611951171875 0.4437376484375 0.37369969921875 0.459533919921875 0.40047615234375 0.47852030859375
0 0.12745799609375 0.435098380859375 0.16289941015625 0.456859974609375 0.23042699609375 0.42824639453125 0.19665325390625 0.405100416015625 0.12745799609375 0.435098380859375
0 0.09530814453125 0.384013119140625 0.108546037109375 0.37892882421875 0.08912462109375 0.364483056640625 0.076275984375 0.36981744921875 0.09530814453125 0.384013119140625
0 0.109508431640625 0.37792437890625 0.12224164453125 0.3727148359375 0.102208087890625 0.35846458203125 0.090081443359375 0.363854005859375 0.109508431640625 0.37792437890625
0 0.1235694140625 0.372081541015625 0.13628830078125 0.367002833984375 0.11633195703125 0.35228728125 0.1044043203125 0.357843138671875 0.1235694140625 0.372081541015625
0 0.13722283203125 0.3665823984375 0.14981435546875 0.36138970703125 0.130013236328125 0.3468079296875 0.11774967578125 0.351813033203125 0.13722283203125 0.3665823984375
0 0.15148759765625 0.3568443359375 0.16448668359375 0.35155085546875 0.1443751171875 0.33707869140625 0.13202956640625 0.342465876953125 0.15148759765625 0.3568443359375