0 0.15508751171875 0.38152193359375 0.16115826953125 0.35930133203125 0.108646142578125 0.355621044921875 0.10528584765625 0.367285814453125 0.091099388671875 0.36601476171875 0.087467130859375 0.37742717578125 0.15508751171875 0.38152193359375
0 1 0.924125845703125 0.903804369140625 0.93488008203125 0.91543987890625 0.959946171875 1 0.950404380859375 1 0.924125845703125
0 1 0.449133298828125 0.96924774609375 0.454148798828125 0.988481185546875 0.474585109375 1 0.47251798046875 1 0.449133298828125
0 0.892694474609375 0.44142653515625 0.89931046484375 0.45394597265625 0.94287923828125 0.45236083203125 0.93661496875 0.43885371484375 0.892694474609375 0.44142653515625
0 0.931730119140625 0.469966380859375 0.93325990234375 0.462362443359375 0.842414263671875 0.46624126953125 0.84313339453125 0.47395531640625 0.86292121484375 0.47341150390625 0.8632990859375 0.48030909765625 0.90699991796875 0.47819851953125 0.907020837890625 0.471048861328125 0.931730119140625 0.469966380859375
0 0.829161365234375 0.436393732421875 0.833508830078125 0.450515544921875 0.87797716796875 0.44883046484375 0.873437501953125 0.43451718359375 0.829161365234375 0.436393732421875
0 0.833512751953125 0.482873962890625 0.837431353515625 0.507814966796875 0.849223765625 0.50732480078125 0.84843926171875 0.50140166015625 0.85665171484375 0.50121646875 0.856463435546875 0.488263453125 0.84626356640625 0.48843908984375 0.845345697265625 0.482646755859375 0.833512751953125 0.482873962890625
0 0.740460041015625 0.43263015234375 0.743930166015625 0.44219161328125 0.730945306640625 0.44262445703125 0.73513717578125 0.453394140625 0.80280723828125 0.4499350546875 0.79831594921875 0.4391822734375 0.772637806640625 0.44085412890625 0.767025982421875 0.4315608203125 0.740460041015625 0.43263015234375
0 0.72707116015625 0.461421548828125 0.72465488671875 0.4734593359375 0.780240962890625 0.470654294921875 0.781698833984375 0.458977033203125 0.72707116015625 0.461421548828125
0 0.664865171875 0.4354706015625 0.635357337890625 0.436393732421875 0.63881046484375 0.44768065234375 0.666481251953125 0.44668048046875 0.664865171875 0.4354706015625
0 0.6183623515625 0.477025927734375 0.64116920703125 0.475715634765625 0.641141751953125 0.46892606640625 0.664034904296875 0.46803024609375 0.66391853515625 0.45213991015625 0.617282349609375 0.454458923828125 0.6183623515625 0.477025927734375