0 0.123179421875 0.713620830078125 0.15952445703125 0.7105423125 0.147269734375 0.646105443359375 0.11282862890625 0.649033455078125 0.123179421875 0.713620830078125
0 0.260547451171875 0 0.25402505078125 0.024270744140625 0.27646007421875 0.028267484375 0.282497009765625 0.00480872265625 0.26154325390625 0 0.260547451171875 0
0 0.8516884375 0.788951708984375 0.88050662109375 0.7816526328125 0.86235473828125 0.72466815625 0.833712728515625 0.7310951640625 0.8516884375 0.788951708984375
0 0.87215814453125 0.712464662109375 0.890017603515625 0.71105158984375 0.888708884765625 0.689803630859375 0.872600376953125 0.690968501953125 0.87215814453125 0.712464662109375
0 0.88226116796875 0.681841666015625 0.902903451171875 0.68153379296875 0.903834654296875 0.65982171875 0.88347161328125 0.65993496875 0.88226116796875 0.681841666015625
0 0.84431670703125 0.70557791015625 0.8578688984375 0.706564138671875 0.860083654296875 0.66325430859375 0.8470336171875 0.66274130859375 0.84679392578125 0.672431703125 0.8347649765625 0.67182365234375 0.8329984453125 0.69297062109375 0.845338994140625 0.694766462890625 0.84431670703125 0.70557791015625
0 0.88929852734375 0.64594974609375 0.90474428515625 0.64511125 0.90535070703125 0.63158504296875 0.91838396484375 0.63137471875 0.917313740234375 0.617883666015625 0.90536508984375 0.61851194140625 0.905107419921875 0.61235997265625 0.89201423828125 0.61350798828125 0.88929852734375 0.64594974609375
0 0.857622015625 0.6333148203125 0.87835898046875 0.634408892578125 0.88056175 0.608040921875 0.85984156640625 0.606818078125 0.857622015625 0.6333148203125
0 0.90754868359375 0.58066151171875 0.92223222265625 0.58089709765625 0.923358775390625 0.567888390625 0.907844705078125 0.567427970703125 0.90754868359375 0.58066151171875
0 0.898722021484375 0.556402828125 0.86250334765625 0.555255486328125 0.862257662109375 0.5663669140625 0.874166763671875 0.56677744921875 0.87333623046875 0.57796909765625 0.89768775 0.578653056640625 0.898722021484375 0.556402828125
0 0.82477341015625 0.662990654296875 0.8343191484375 0.662904369140625 0.83570337109375 0.65736247265625 0.81461765625 0.656916208984375 0.8162679375 0.6671418515625 0.822827111328125 0.6675516796875 0.82477341015625 0.662990654296875