0 0.25482496875 1 0.25507886328125 0.99991986328125 0.253421861328125 0.996356119140625 0.257001046875 0.995488361328125 0.22526216015625 0.948140326171875 0.22179009375 0.950343478515625 0.2238441328125 0.952711890625 0.21930678515625 0.95447748828125 0.220336736328125 0.9556806484375 0.216434501953125 0.957049861328125 0.21879620703125 0.95945247265625 0.21424860546875 0.961205296875 0.2165751484375 0.96400264453125 0.21241505859375 0.965387513671875 0.214649302734375 0.96796565625 0.21079101953125 0.96955572265625 0.211348482421875 0.97064392578125 0.207156162109375 0.972458142578125 0.208750900390625 0.97500867578125 0.20533067578125 0.976401376953125 0.20723820703125 0.97954442578125 0.2036048125 0.98069443359375 0.204209890625 0.9817525546875 0.1994623046875 0.983300181640625 0.199935525390625 0.98419142578125 0.19648087109375 0.98549924609375 0.198909970703125 0.988422677734375 0.19480042578125 0.989972365234375 0.19566775390625 0.991092705078125 0.191158974609375 0.992470982421875 0.19345108984375 0.995640404296875 0.18933641796875 0.99697047265625 0.191067259765625 1 0.25482496875 1
0 0.8163416640625 0.59063585546875 0.778546607421875 0.593030318359375 0.780772939453125 0.63436673046875 0.81943250390625 0.631994525390625 0.8163416640625 0.59063585546875
0 0.787672962890625 0.575058603515625 0.81635325 0.58881910546875 0.851630537109375 0.56252683984375 0.82239411328125 0.548816982421875 0.787672962890625 0.575058603515625
0 0.829253140625 0.544856625 0.85701187890625 0.559023677734375 0.883207373046875 0.53951666015625 0.85511708984375 0.52531000390625 0.829253140625 0.544856625
0 0.92883469921875 0.4659192421875 0.951488380859375 0.44925215234375 0.9394770625 0.44220622265625 0.92652548046875 0.435593427734375 0.904262162109375 0.451952345703125 0.91778770703125 0.45920819140625 0.92883469921875 0.4659192421875
0 1 0.50098530859375 0.92336244921875 0.467528451171875 0.918766294921875 0.472289904296875 0.91054009765625 0.46872006640625 0.90516855859375 0.47352262890625 0.897324705078125 0.47013576953125 0.891893455078125 0.47481300390625 0.883727861328125 0.471464494140625 0.87798734765625 0.476502921875 0.976518126953125 0.519469798828125 0.98186025390625 0.5146151015625 0.9890240859375 0.51791222265625 0.99492858984375 0.51334076953125 1 0.51523077734375 1 0.50098530859375
0 0.678064 0.52038767578125 0.6672050625 0.51600867578125 0.65027139453125 0.528103857421875 0.66169092578125 0.532999662109375 0.678064 0.52038767578125
0 0.67906932421875 0.521271822265625 0.66311691796875 0.53333002734375 0.67359262109375 0.5378097421875 0.68971080078125 0.525549677734375 0.67906932421875 0.521271822265625
0 0.690670671875 0.526347263671875 0.674855515625 0.538280974609375 0.685565615234375 0.54303841796875 0.701348685546875 0.5305868515625 0.690670671875 0.526347263671875
0 0.71348299609375 0.53553479296875 0.702867369140625 0.531229533203125 0.68679731640625 0.54335775390625 0.69703862109375 0.547326130859375 0.71348299609375 0.53553479296875
0 0.72538469140625 0.54384552734375 0.71511843359375 0.5392435390625 0.69929258203125 0.551137599609375 0.7093930703125 0.556193322265625 0.72538469140625 0.54384552734375
0 0.7838566484375 0.47825816796875 0.724356193359375 0.453784158203125 0.701931560546875 0.471859431640625 0.760705650390625 0.497408251953125 0.7838566484375 0.47825816796875