0 0 0.797509037109375 0.000700837890625 0.79534056640625 0.0039896953125 0.79771947265625 0.005419912109375 0.79303997265625 0.00658247265625 0.793940138671875 0.00819055859375 0.7896749921875 0.011224158203125 0.79219606640625 0.01258126171875 0.78861060546875 0.013506091796875 0.789101744140625 0.015112041015625 0.78417439453125 0.01621003515625 0.7848023828125 0.017403380859375 0.781031416015625 0.020664875 0.783011173828125 0.022110056640625 0.7794614453125 0.02475670703125 0.78111656640625 0.02663929296875 0.776765505859375 0.027768501953125 0.777344076171875 0.02941848828125 0.773339703125 0.03209378515625 0.775658544921875 0.03353084375 0.7713409375 0.036433607421875 0.77375557421875 0.038252486328125 0.76903578125 0.040745638671875 0.77148691015625 0.04216644921875 0.767436921875 0.04341494921875 0.768505869140625 0.04524708203125 0.763796720703125 0.04770474609375 0.76592853515625 0.049990923828125 0.762325001953125 0.000858609375 0.7293843515625 0 0.7329264140625 0 0.797509037109375
0 0.37805046484375 0.1456569453125 0.3755888671875 0.185780318359375 0.41848301171875 0.18809094921875 0.42096770703125 0.14886481640625 0.37805046484375 0.1456569453125
0 0.46436249609375 0.142583197265625 0.450135994140625 0.11223976171875 0.422852923828125 0.14885279296875 0.43713198046875 0.17861903125 0.46436249609375 0.142583197265625
0 0.488755322265625 0.108621193359375 0.474013296875 0.079467298828125 0.453771169921875 0.10665466015625 0.46847209765625 0.135464458984375 0.488755322265625 0.108621193359375
0 0.5818528046875 0.0345089921875 0.574990810546875 0.021067009765625 0.56767936328125 0.00860089453125 0.55038418359375 0.032112337890625 0.55734813671875 0.04357761328125 0.5648774140625 0.0576152890625 0.5818528046875 0.0345089921875
0 0.50239180078125 0 0.5394016640625 0.0848849765625 0.544629962890625 0.078927103515625 0.541155267578125 0.070452328125 0.5460087578125 0.06481542578125 0.54249426953125 0.05667457421875 0.547477810546875 0.051099646484375 0.543773447265625 0.04256197265625 0.54871433203125 0.0377917890625 0.53221882421875 0 0.50239180078125 0
0 0.4807758828125 0.30937126171875 0.48585618359375 0.32122318359375 0.498407162109375 0.303648337890625 0.493863142578125 0.292378236328125 0.4807758828125 0.30937126171875
0 0.488506615234375 0.28029044140625 0.475784537109375 0.297018919921875 0.480433068359375 0.307891275390625 0.492945677734375 0.291334845703125 0.488506615234375 0.28029044140625
0 0.483279619140625 0.2682118984375 0.47035882421875 0.284592580078125 0.475295548828125 0.29570820703125 0.48767897265625 0.279294224609375 0.483279619140625 0.2682118984375
0 0.465909529296875 0.27268516015625 0.470027455078125 0.283314240234375 0.48261271875 0.2666357109375 0.478145216796875 0.2556181328125 0.465909529296875 0.27268516015625
0 0.45670818359375 0.259862919921875 0.4619544296875 0.27034585546875 0.474296708984375 0.2539207734375 0.469521296875 0.243265791015625 0.45670818359375 0.259862919921875
0 0.51770853125 0.2066074375 0.544220142578125 0.267606953125 0.5629765703125 0.24433323046875 0.537580275390625 0.18257984765625 0.51770853125 0.2066074375