0 0.557902921875 0.34803319921875 0.54453718359375 0.3554773515625 0.55742994140625 0.364011095703125 0.61475749609375 0.332327859375 0.603396732421875 0.324494341796875 0.588381330078125 0.3321928828125 0.575653537109375 0.324585845703125 0.54538739453125 0.339744111328125 0.557902921875 0.34803319921875
0 0.509551615234375 0.36499491015625 0.461859021484375 0.39176555859375 0.474443767578125 0.4000656796875 0.522320939453125 0.372874783203125 0.509551615234375 0.36499491015625
0 0.38652359765625 0.41184106640625 0.385678 0.401128783203125 0.359621384765625 0.400908787109375 0.359006509765625 0.39065560546875 0.317834125 0.389794802734375 0.318049849609375 0.4005570546875 0.332231193359375 0.4007238359375 0.33292912890625 0.41141080859375 0.38652359765625 0.41184106640625
0 0.173763083984375 0.389919697265625 0.172857498046875 0.37878948828125 0.153518361328125 0.37849940625 0.152098265625 0.36795130859375 0.124709228515625 0.367850072265625 0.125641345703125 0.378422830078125 0.10601034375 0.378359880859375 0.10692054296875 0.3893778203125 0.120642748046875 0.389819109375 0.122323560546875 0.39980586328125 0.214863943359375 0.40037499609375 0.21370687109375 0.390157076171875 0.173763083984375 0.389919697265625
0 0 0.912510771484375 0.027640921875 0.91358790234375 0.075882634765625 0.773674078125 0.021968615234375 0.771531880859375 0 0.836310388671875 0 0.912510771484375
0 0.51807893359375 1 0.5302589375 0.962406267578125 0.485168890625 0.963330376953125 0.472999224609375 1 0.51807893359375 1
0 0.60047665625 1 0.606193087890625 0.97260364453125 0.5405699140625 0.96579991015625 0.53138721484375 1 0.60047665625 1
0 0.622559830078125 1 0.629523720703125 0.9721051171875 0.61248719140625 0.9696118671875 0.60605362890625 1 0.622559830078125 1
0 0.61907776953125 0.955003263671875 0.64012079296875 0.950225015625 0.63749748046875 0.94651402734375 0.61678669921875 0.95124646875 0.61907776953125 0.955003263671875
0 0.64270123828125 1 0.6466525390625 0.98224184765625 0.62978212890625 0.981313154296875 0.62562407421875 1 0.64270123828125 1
0 0.64677020703125 0.593119814453125 0.69315114453125 0.5901735625 0.682091474609375 0.468093580078125 0.635228326171875 0.468769203125 0.64677020703125 0.593119814453125