0 0.510376884765625 0.91233616015625 0.5146326953125 0.90626162109375 0.432989671875 0.891432291015625 0.429152728515625 0.897946087890625 0.510376884765625 0.91233616015625
0 0.519871541015625 0.895223875 0.524252611328125 0.888864744140625 0.44192817578125 0.873973984375 0.43811227734375 0.87988791015625 0.519871541015625 0.895223875
0 0.51129478515625 0.872099607421875 0.474322240234375 0.86620258984375 0.469428109375 0.872259353515625 0.50637259375 0.878773201171875 0.51129478515625 0.872099607421875
0 0.539307779296875 0.8618767578125 0.46620343359375 0.848307529296875 0.4620808984375 0.85468244140625 0.53505397265625 0.867940587890625 0.539307779296875 0.8618767578125
0 0.493812591796875 0.834041751953125 0.4656883671875 0.82964209375 0.46250176953125 0.83560525 0.4899345625 0.84066237109375 0.493812591796875 0.834041751953125
0 0.548304404296875 0.844305177734375 0.520181181640625 0.83959669140625 0.516629830078125 0.845562466796875 0.54438028125 0.8502653125 0.548304404296875 0.844305177734375
0 0.49785696484375 0.760205498046875 0.483134484375 0.760607875 0.503546744140625 0.807032365234375 0.518112900390625 0.806671 0.49785696484375 0.760205498046875
0 0.4901189453125 0.74177562890625 0.475265193359375 0.742105306640625 0.4822546640625 0.757390587890625 0.496983154296875 0.75692223828125 0.4901189453125 0.74177562890625
0 0.604597044921875 0.59305252734375 0.61842650390625 0.56352566015625 0.50562052734375 0.54578191796875 0.490985765625 0.576410162109375 0.604597044921875 0.59305252734375
0 0.630120984375 0.129249330078125 0.6357581484375 0.13007864453125 0.63222264453125 0.140232029296875 0.64187880078125 0.140947271484375 0.666607689453125 0.0923056875 0.64833940625 0.09149846484375 0.64129710546875 0.10537505859375 0.631190701171875 0.10469104296875 0.62599320703125 0.11454001953125 0.6360331328125 0.11510252734375 0.630120984375 0.129249330078125
0 0.667065490234375 0.05981026953125 0.630695126953125 0.057494814453125 0.624033572265625 0.07076981640625 0.660488546875 0.072809966796875 0.667065490234375 0.05981026953125
0 0.68675401953125 0.02415620703125 0.66760337109375 0.02360814453125 0.6546564765625 0.049717630859375 0.67277669140625 0.05013095703125 0.68675401953125 0.02415620703125
0 0.62032986328125 0 0.61636424609375 0.00750658984375 0.63628394140625 0.008513916015625 0.639784353515625 0 0.62032986328125 0