0 0.888551318359375 0.524642416015625 0.894464384765625 0.520499234375 0.88045682421875 0.441424677734375 0.874116173828125 0.445160076171875 0.888551318359375 0.524642416015625
0 0.871616876953125 0.534007740234375 0.87780697265625 0.529742615234375 0.86287866015625 0.45014711328125 0.8571219375 0.453862025390625 0.871616876953125 0.534007740234375
0 0.849557119140625 0.485398779296875 0.855297384765625 0.52139284375 0.861793583984375 0.51660091796875 0.855452884765625 0.480634169921875 0.849557119140625 0.485398779296875
0 0.83213773828125 0.4774948359375 0.845346275390625 0.54866447265625 0.85124891796875 0.544523244140625 0.8383431953125 0.473481404296875 0.83213773828125 0.4774948359375
0 0.8139684609375 0.476993400390625 0.81825116796875 0.50437331640625 0.82469580078125 0.500597919921875 0.81977310546875 0.47389113671875 0.8139684609375 0.476993400390625
0 0.82365844921875 0.530044060546875 0.828241775390625 0.55742300390625 0.83404348046875 0.55360273046875 0.82946564453125 0.526586697265625 0.82365844921875 0.530044060546875
0 0.746769283203125 0.493977806640625 0.7463776015625 0.50831065625 0.791607974609375 0.528030517578125 0.791959736328125 0.51384985546875 0.746769283203125 0.493977806640625
0 0.728758541015625 0.48631677734375 0.728437625 0.500777421875 0.743181615234375 0.50745997265625 0.743637515625 0.49312126953125 0.728758541015625 0.48631677734375
0 0.554925830078125 0.625689318359375 0.58366782421875 0.61222585546875 0.56746783984375 0.501621302734375 0.5376537421875 0.51586875390625 0.554925830078125 0.625689318359375
0 0.13300053125 0.64256228125 0.132193259765625 0.6370743046875 0.118422501953125 0.64282998828125 0.117874947265625 0.63305576953125 0.1082877734375 0.6381157109375 0.10895360546875 0.647954650390625 0.095445873046875 0.65481057421875 0.096231638671875 0.67259538671875 0.143580251953125 0.648520951171875 0.142884021484375 0.63912034375 0.13300053125 0.64256228125
0 0.062346095703125 0.637633251953125 0.06460000390625 0.67304107421875 0.07725414453125 0.666638189453125 0.075268224609375 0.63114799609375 0.062346095703125 0.637633251953125
0 0.0293601875 0.67356471875 0.029893681640625 0.69220854296875 0.05517798046875 0.678601125 0.054775642578125 0.66096046484375 0.0293601875 0.67356471875
0 0 0.649105146484375 0.0146671875 0.64307416015625 0.01368663671875 0.623681638671875 0 0.6309129453125 0 0.649105146484375