0 0.246782109375 1 0.221460537109375 0.962236373046875 0.21795237109375 0.964461779296875 0.220027767578125 0.9668541171875 0.21544324609375 0.968637546875 0.216483904296875 0.969852861328125 0.21254109765625 0.971235904296875 0.214927357421875 0.97366278515625 0.210332474609375 0.975433314453125 0.21268320703125 0.97825891796875 0.208479865234375 0.97965777734375 0.21073733984375 0.9822619609375 0.20683894140625 0.98386808984375 0.20740219921875 0.98496728125 0.20316629296875 0.98679982421875 0.204777609375 0.98937612109375 0.20132182421875 0.990782888671875 0.203249189453125 0.9939576875 0.19957801953125 0.995119310546875 0.20018938671875 0.99618812109375 0.19539244140625 0.99775137890625 0.19587058203125 0.99865162890625 0.19238001171875 0.99997265625 0.19240273828125 1 0.246782109375 1
0 0.81868548046875 0.601120748046875 0.780497470703125 0.603539396484375 0.78274694921875 0.64529334765625 0.82180845703125 0.642897181640625 0.81868548046875 0.601120748046875
0 0.789718712890625 0.5853861484375 0.8186971875 0.59928564453125 0.85434125390625 0.57272780078125 0.824800857421875 0.558879462890625 0.789718712890625 0.5853861484375
0 0.83173119921875 0.554879099609375 0.85977854296875 0.56918925390625 0.886246392578125 0.5494851953125 0.8578640546875 0.535135037109375 0.83173119921875 0.554879099609375
0 0.9323481015625 0.47514437109375 0.95523731640625 0.45830892578125 0.943101115234375 0.451191826171875 0.930014875 0.444512234375 0.9075200859375 0.461036392578125 0.921186255859375 0.468365529296875 0.9323481015625 0.47514437109375
0 1 0.508708359375 0.92681895703125 0.476769833984375 0.92217501953125 0.481579380859375 0.91386329296875 0.477973486328125 0.90843590625 0.48282455859375 0.900510501953125 0.47940348828125 0.89502278125 0.484127966796875 0.886772291015625 0.480745634765625 0.88097209375 0.48583495703125 0.98052729296875 0.52923583984375 0.985924962890625 0.52433210546875 0.99316327734375 0.52766253515625 0.99912916796875 0.52304490234375 1 0.52336934765625 1 0.508708359375
0 0.6789701484375 0.530162990234375 0.66799830859375 0.525739759765625 0.65088858203125 0.53795711328125 0.662426841796875 0.54290237109375 0.6789701484375 0.530162990234375
0 0.67998592578125 0.53105606640625 0.66386766015625 0.543236072265625 0.674452279296875 0.547761037109375 0.690738037109375 0.5353771328125 0.67998592578125 0.53105606640625
0 0.691707890625 0.536182775390625 0.6757283046875 0.548237029296875 0.6865497578125 0.55304252734375 0.702496923828125 0.5404651875 0.691707890625 0.536182775390625
0 0.71475739453125 0.545463107421875 0.70403139453125 0.541114361328125 0.687794263671875 0.553365087890625 0.698142048828125 0.55737355078125 0.71475739453125 0.545463107421875
0 0.72678283203125 0.553857791015625 0.716409833984375 0.54920931640625 0.70041944140625 0.56122351953125 0.7106249453125 0.56633030859375 0.72678283203125 0.553857791015625
0 0.785862720703125 0.4876079296875 0.725743640625 0.462886708984375 0.703085859375 0.481144560546875 0.76247101953125 0.50695144921875 0.785862720703125 0.4876079296875