0 0.882565154296875 0.14691562890625 0.90500328515625 0.136038556640625 0.890929744140625 0.011620919921875 0.86838861328125 0.02330777734375 0.882565154296875 0.14691562890625
0 0.37470207421875 0.8399615546875 0.35393024609375 0.83223897265625 0.350730919921875 0.88183052734375 0.36134592578125 0.8853419453125 0.36049084765625 0.89740266015625 0.370549927734375 0.9008971484375 0.37470207421875 0.8399615546875
0 0.423332498046875 0.3672786484375 0.4246337265625 0.39358677734375 0.43459355078125 0.3908795 0.43389518359375 0.36479004296875 0.423332498046875 0.3672786484375
0 0.462064462890625 0.4086736015625 0.46023333203125 0.388438859375 0.45455762109375 0.389666232421875 0.453232232421875 0.367888103515625 0.438571302734375 0.3677879375 0.441075412109375 0.412367009765625 0.462064462890625 0.4086736015625
0 0.44736791015625 0.310881515625 0.45905380078125 0.310820853515625 0.45598368359375 0.26035038671875 0.44509837109375 0.259740931640625 0.44736791015625 0.310881515625
0 0.42977633203125 0.30555019921875 0.43977699609375 0.302004921875 0.436779015625 0.24065455859375 0.42648426171875 0.24323627734375 0.42786196875 0.26853005859375 0.41921047265625 0.27148704296875 0.42093934765625 0.29814786328125 0.4287053984375 0.29422591015625 0.42977633203125 0.30555019921875
0 0.422228728515625 0.17314193359375 0.424024775390625 0.21409108203125 0.4373272265625 0.20989684765625 0.435794943359375 0.16895475390625 0.422228728515625 0.17314193359375
0 0.46644838671875 0.21120181640625 0.4904569453125 0.20732218359375 0.48937253515625 0.197096888671875 0.484561658203125 0.1971533203125 0.483924330078125 0.189258623046875 0.472371564453125 0.190136126953125 0.472623642578125 0.19847239453125 0.46687183203125 0.19989304296875 0.46644838671875 0.21120181640625
0 0.4518335546875 0.2039786484375 0.45874510546875 0.204215658203125 0.458431197265625 0.183394033203125 0.464464412109375 0.183394033203125 0.462915482421875 0.142017419921875 0.456217193359375 0.1409678046875 0.455365837890625 0.12048617578125 0.448107111328125 0.119028845703125 0.4518335546875 0.2039786484375
0 0.42869340234375 0.156666904296875 0.440353744140625 0.151078826171875 0.43851944140625 0.109679640625 0.42625245703125 0.115137927734375 0.42869340234375 0.156666904296875
0 0.42738571875 0 0.4406694453125 0.08443523828125 0.459203203125 0.068963271484375 0.44815643359375 0 0.42738571875 0