0 0.457768783203125 0.389152759765625 0.50708109765625 0.416397041015625 0.518171255859375 0.40905891015625 0.50667424609375 0.40265771484375 0.51743991796875 0.395529962890625 0.491405427734375 0.38249543359375 0.480457169921875 0.38903669140625 0.46754114453125 0.38241675 0.457768783203125 0.389152759765625
0 0.53728133984375 0.424018888671875 0.57846457421875 0.447400228515625 0.58928978515625 0.44026298828125 0.54826532421875 0.41724301953125 0.53728133984375 0.424018888671875
0 0.677761994140625 0.43930854296875 0.677233087890625 0.448125212890625 0.654819572265625 0.44831438671875 0.654092201171875 0.457525833984375 0.70019337109375 0.457155857421875 0.70079372265625 0.447966173828125 0.7129923046875 0.447822759765625 0.713177869140625 0.43856834375 0.677761994140625 0.43930854296875
0 0.855741400390625 0.419785212890625 0.85451985546875 0.428855478515625 0.83788461328125 0.42910491796875 0.83710564453125 0.43867573828125 0.80274658984375 0.438879861328125 0.80175129296875 0.44766620703125 0.88135316015625 0.447176810546875 0.88279896875 0.43858924609375 0.89460260546875 0.438209783203125 0.895385546875 0.428735501953125 0.87849925 0.428789630859375 0.87930104296875 0.41969816015625 0.855741400390625 0.419785212890625
0 0.96279776171875 0.88897584765625 0.999784478515625 0.8875350078125 0.99962273046875 0.86098866015625 0.96767699609375 0.766822466796875 0.92130095703125 0.768664533203125 0.96279776171875 0.88897584765625
0 0.53045319140625 0.9309545546875 0.54122183984375 0.9641809453125 0.5803787578125 0.965304263671875 0.569238982421875 0.931749193359375 0.53045319140625 0.9309545546875
0 0.521583841796875 0.933872736328125 0.46513576171875 0.93972323828125 0.47378481640625 0.981160435546875 0.532660109375 0.975111359375 0.521583841796875 0.933872736328125
0 0.45972166796875 0.93715062109375 0.44506709765625 0.939294556640625 0.45419048046875 0.97582731640625 0.46760266796875 0.974363037109375 0.45972166796875 0.93715062109375
0 0.45602329296875 0.92135829296875 0.438208185546875 0.917288884765625 0.43595165234375 0.92047994921875 0.454052546875 0.924588744140625 0.45602329296875 0.92135829296875
0 0.44484481640625 0.947212509765625 0.430333138671875 0.94801108984375 0.4385148125 0.984769234375 0.452947103515625 0.98361298828125 0.44484481640625 0.947212509765625
0 0.440160078125 0.506478099609375 0.399849091796875 0.50589713671875 0.3903357265625 0.610873203125 0.430231923828125 0.613406673828125 0.440160078125 0.506478099609375