0 0.441424677734375 0.11954317578125 0.445160076171875 0.125883826171875 0.524642416015625 0.111448681640625 0.520499234375 0.105535615234375 0.441424677734375 0.11954317578125
0 0.45014711328125 0.13712133984375 0.453862025390625 0.1428780625 0.534007740234375 0.128383123046875 0.529742615234375 0.12219302734375 0.45014711328125 0.13712133984375
0 0.51660091796875 0.138206416015625 0.480634169921875 0.144547115234375 0.485398779296875 0.150442880859375 0.52139284375 0.144702615234375 0.51660091796875 0.138206416015625
0 0.544523244140625 0.14875108203125 0.473481404296875 0.1616568046875 0.4774948359375 0.16786226171875 0.54866447265625 0.154653724609375 0.544523244140625 0.14875108203125
0 0.500597919921875 0.17530419921875 0.47389113671875 0.18022689453125 0.476993400390625 0.1860315390625 0.50437331640625 0.18174883203125 0.500597919921875 0.17530419921875
0 0.55360273046875 0.16595651953125 0.526586697265625 0.17053435546875 0.530044060546875 0.17634155078125 0.55742300390625 0.171758224609375 0.55360273046875 0.16595651953125
0 0.528030517578125 0.208392025390625 0.51384985546875 0.208040263671875 0.493977806640625 0.253230716796875 0.50831065625 0.2536223984375 0.528030517578125 0.208392025390625
0 0.50745997265625 0.256818384765625 0.49312126953125 0.256362484375 0.48631677734375 0.271241458984375 0.500777421875 0.271562375 0.50745997265625 0.256818384765625
0 0.501621302734375 0.43253216015625 0.51586875390625 0.4623462578125 0.625689318359375 0.445074169921875 0.61222585546875 0.41633217578125 0.501621302734375 0.43253216015625
0 0.65481057421875 0.904554126953125 0.67259538671875 0.903768361328125 0.648520951171875 0.856419748046875 0.63912034375 0.857115978515625 0.64256228125 0.86699946875 0.6370743046875 0.867806740234375 0.64282998828125 0.881577498046875 0.63305576953125 0.882125052734375 0.6381157109375 0.8917122265625 0.647954650390625 0.89104639453125 0.65481057421875 0.904554126953125
0 0.666638189453125 0.92274585546875 0.63114799609375 0.924731775390625 0.637633251953125 0.937653904296875 0.67304107421875 0.93539999609375 0.666638189453125 0.92274585546875
0 0.678601125 0.94482201953125 0.66096046484375 0.945224357421875 0.67356471875 0.9706398125 0.69220854296875 0.970106318359375 0.678601125 0.94482201953125
0 0.649105146484375 1 0.64307416015625 0.9853328125 0.623681638671875 0.98631336328125 0.6309129453125 1 0.649105146484375 1