0 0.22422902734375 0.37107608984375 0.2267937421875 0.322542171875 0.172110728515625 0.31933425390625 0.16920025390625 0.368988703125 0.22422902734375 0.37107608984375
0 0.22422902734375 0.421259431640625 0.26787290234375 0.405542572265625 0.224602607421875 0.37416028125 0.18039173828125 0.390173685546875 0.22422902734375 0.421259431640625
0 0.2631925625 0.4490864765625 0.30612107421875 0.432279193359375 0.272934771484375 0.40859844140625 0.2313628046875 0.425895408203125 0.2631925625 0.4490864765625
0 0.30183816015625 0.51383094921875 0.31300844921875 0.50927994140625 0.320530376953125 0.514979509765625 0.331262171875 0.510987501953125 0.33956702734375 0.516374029296875 0.34963644921875 0.51244835546875 0.35681526953125 0.517993640625 0.474111248046875 0.466640125 0.46578122265625 0.46110601953125 0.456787498046875 0.46570845703125 0.4475818125 0.459269517578125 0.43785417578125 0.46344487890625 0.43028058203125 0.45766183203125 0.42043901953125 0.461720919921875 0.411763232421875 0.456096873046875 0.293323994140625 0.507359087890625 0.30183816015625 0.51383094921875
0 0.364378263671875 0.520550244140625 0.3269792578125 0.53657119921875 0.3541088046875 0.5558276484375 0.391087865234375 0.53980073046875 0.364378263671875 0.520550244140625
0 0.1818172421875 0.50483864453125 0.147598130859375 0.481363439453125 0.07749041015625 0.511788091796875 0.11339918359375 0.533859220703125 0.1818172421875 0.50483864453125
0 0.038651541015625 0.44016834375 0.025633470703125 0.44557861328125 0.044916603515625 0.45997619921875 0.058329060546875 0.454819587890625 0.038651541015625 0.44016834375
0 0.05190753515625 0.434064263671875 0.03962098046875 0.43953034765625 0.059304146484375 0.45380085546875 0.07220526953125 0.4485172109375 0.05190753515625 0.434064263671875
0 0.06621765234375 0.42779909765625 0.054132728515625 0.43343398046875 0.07355055078125 0.447874908203125 0.08643715625 0.442723962890625 0.06621765234375 0.42779909765625
0 0.08007934375 0.42224180859375 0.067654068359375 0.42731810546875 0.08738401171875 0.442297546875 0.100141576171875 0.43703099609375 0.08007934375 0.42224180859375
0 0.09463061328125 0.412374181640625 0.082122263671875 0.41783799609375 0.10183688671875 0.43242097265625 0.115007388671875 0.427052197265625 0.09463061328125 0.412374181640625