0 1 0.753217890625 0.962236373046875 0.778539462890625 0.964461779296875 0.78204762890625 0.9668541171875 0.779972232421875 0.968637546875 0.78455675390625 0.969852861328125 0.783516095703125 0.971235904296875 0.78745890234375 0.97366278515625 0.785072642578125 0.975433314453125 0.789667525390625 0.97825891796875 0.78731679296875 0.97965777734375 0.791520134765625 0.9822619609375 0.78926266015625 0.98386808984375 0.79316105859375 0.98496728125 0.79259780078125 0.98679982421875 0.79683370703125 0.98937612109375 0.795222390625 0.990782888671875 0.79867817578125 0.9939576875 0.796750810546875 0.995119310546875 0.80042198046875 0.99618812109375 0.79981061328125 0.99775137890625 0.80460755859375 0.99865162890625 0.80412941796875 0.99997265625 0.80761998828125 1 0.80759726171875 1 0.753217890625
0 0.601120748046875 0.18131451953125 0.603539396484375 0.219502529296875 0.64529334765625 0.21725305078125 0.642897181640625 0.17819154296875 0.601120748046875 0.18131451953125
0 0.5853861484375 0.210281287109375 0.59928564453125 0.1813028125 0.57272780078125 0.14565874609375 0.558879462890625 0.175199142578125 0.5853861484375 0.210281287109375
0 0.554879099609375 0.16826880078125 0.56918925390625 0.14022145703125 0.5494851953125 0.113753607421875 0.535135037109375 0.1421359453125 0.554879099609375 0.16826880078125
0 0.47514437109375 0.0676518984375 0.45830892578125 0.04476268359375 0.451191826171875 0.056898884765625 0.444512234375 0.069985125 0.461036392578125 0.0924799140625 0.468365529296875 0.078813744140625 0.47514437109375 0.0676518984375
0 0.508708359375 0 0.476769833984375 0.07318104296875 0.481579380859375 0.07782498046875 0.477973486328125 0.08613670703125 0.48282455859375 0.09156409375 0.47940348828125 0.099489498046875 0.484127966796875 0.10497721875 0.480745634765625 0.113227708984375 0.48583495703125 0.11902790625 0.52923583984375 0.01947270703125 0.52433210546875 0.014075037109375 0.52766253515625 0.00683672265625 0.52304490234375 0.00087083203125 0.52336934765625 0 0.508708359375 0
0 0.530162990234375 0.3210298515625 0.525739759765625 0.33200169140625 0.53795711328125 0.34911141796875 0.54290237109375 0.337573158203125 0.530162990234375 0.3210298515625
0 0.53105606640625 0.32001407421875 0.543236072265625 0.33613233984375 0.547761037109375 0.325547720703125 0.5353771328125 0.309261962890625 0.53105606640625 0.32001407421875
0 0.536182775390625 0.308292109375 0.548237029296875 0.3242716953125 0.55304252734375 0.3134502421875 0.5404651875 0.297503076171875 0.536182775390625 0.308292109375
0 0.545463107421875 0.28524260546875 0.541114361328125 0.29596860546875 0.553365087890625 0.312205736328125 0.55737355078125 0.301857951171875 0.545463107421875 0.28524260546875
0 0.553857791015625 0.27321716796875 0.54920931640625 0.283590166015625 0.56122351953125 0.29958055859375 0.56633030859375 0.2893750546875 0.553857791015625 0.27321716796875
0 0.4876079296875 0.214137279296875 0.462886708984375 0.274256359375 0.481144560546875 0.296914140625 0.50695144921875 0.23752898046875 0.4876079296875 0.214137279296875