0 0.863174810546875 0.2861545703125 0.8631843125 0.272036576171875 0.812961818359375 0.2499931171875 0.81269226953125 0.26486937890625 0.863174810546875 0.2861545703125
0 0.80928155078125 0.262958126953125 0.80936155859375 0.24854755859375 0.792416732421875 0.24159330078125 0.791893205078125 0.25548969921875 0.80928155078125 0.262958126953125
0 0.962042271484375 0.187417478515625 0.95563539453125 0.18871450390625 0.97171147265625 0.278620443359375 0.978103810546875 0.27565792578125 0.962042271484375 0.187417478515625
0 0.942987216796875 0.19689753515625 0.936670693359375 0.19898148046875 0.95284772265625 0.288438412109375 0.9591895859375 0.28549255859375 0.942987216796875 0.19689753515625
0 0.934427337890625 0.23197930078125 0.927811755859375 0.234037326171875 0.93485040625 0.274207216796875 0.941544044921875 0.27136690234375 0.934427337890625 0.23197930078125
0 0.915404025390625 0.22296769140625 0.90888504296875 0.2259024375 0.923271966796875 0.30489890234375 0.929650255859375 0.301874357421875 0.915404025390625 0.22296769140625
0 0.8943501875 0.22296769140625 0.88826501171875 0.225070154296875 0.893488060546875 0.255310056640625 0.900222287109375 0.25316408203125 0.8943501875 0.22296769140625
0 0.905143611328125 0.28198105078125 0.89913417578125 0.284449197265625 0.904296337890625 0.314115111328125 0.91035927734375 0.312279275390625 0.905143611328125 0.28198105078125
0 0.612380955078125 0.25642884375 0.580420859375 0.26916779296875 0.60009815234375 0.390451412109375 0.631136939453125 0.37743585546875 0.612380955078125 0.25642884375
0 0.087096078125 0.424410990234375 0.0881551796875 0.4427149296875 0.14071314453125 0.41645376953125 0.139749150390625 0.40506224609375 0.1290437734375 0.40947425390625 0.12807549609375 0.403855861328125 0.1135690234375 0.411199619140625 0.11151855078125 0.39997241796875 0.101383185546875 0.4057701953125 0.102195216796875 0.415710216796875 0.087096078125 0.424410990234375
0 0.0646562734375 0.39875233984375 0.050549341796875 0.405323791015625 0.05293694140625 0.44209051171875 0.067030087890625 0.4355957421875 0.0646562734375 0.39875233984375
0 0.042636091796875 0.447581556640625 0.041274498046875 0.42943508984375 0.01352231640625 0.443107927734375 0.01494240625 0.461574818359375 0.042636091796875 0.447581556640625