0 0.7500068828125 0.812961818359375 0.73513062109375 0.81269226953125 0.7138454296875 0.863174810546875 0.727963423828125 0.8631843125 0.7500068828125 0.812961818359375
0 0.75840669921875 0.792416732421875 0.74451030078125 0.791893205078125 0.737041873046875 0.80928155078125 0.75145244140625 0.80936155859375 0.75840669921875 0.792416732421875
0 0.721379556640625 0.97171147265625 0.72434207421875 0.978103810546875 0.812582521484375 0.962042271484375 0.81128549609375 0.95563539453125 0.721379556640625 0.97171147265625
0 0.711561587890625 0.95284772265625 0.71450744140625 0.9591895859375 0.80310246484375 0.942987216796875 0.80101851953125 0.936670693359375 0.711561587890625 0.95284772265625
0 0.725792783203125 0.93485040625 0.72863309765625 0.941544044921875 0.76802069921875 0.934427337890625 0.765962673828125 0.927811755859375 0.725792783203125 0.93485040625
0 0.69510109765625 0.923271966796875 0.698125642578125 0.929650255859375 0.77703230859375 0.915404025390625 0.7740975625 0.90888504296875 0.69510109765625 0.923271966796875
0 0.744689943359375 0.893488060546875 0.74683591796875 0.900222287109375 0.77703230859375 0.8943501875 0.774929845703125 0.88826501171875 0.744689943359375 0.893488060546875
0 0.685884888671875 0.904296337890625 0.687720724609375 0.91035927734375 0.71801894921875 0.905143611328125 0.715550802734375 0.89913417578125 0.685884888671875 0.904296337890625
0 0.609548587890625 0.60009815234375 0.62256414453125 0.631136939453125 0.74357115625 0.612380955078125 0.73083220703125 0.580420859375 0.609548587890625 0.60009815234375
0 0.59052574609375 0.1290437734375 0.596144138671875 0.12807549609375 0.588800380859375 0.1135690234375 0.60002758203125 0.11151855078125 0.5942298046875 0.101383185546875 0.584289783203125 0.102195216796875 0.575589009765625 0.087096078125 0.5572850703125 0.0881551796875 0.58354623046875 0.14071314453125 0.59493775390625 0.139749150390625 0.59052574609375 0.1290437734375
0 0.55790948828125 0.05293694140625 0.5644042578125 0.067030087890625 0.60124766015625 0.0646562734375 0.594676208984375 0.050549341796875 0.55790948828125 0.05293694140625
0 0.556892072265625 0.01352231640625 0.538425181640625 0.01494240625 0.552418443359375 0.042636091796875 0.57056491015625 0.041274498046875 0.556892072265625 0.01352231640625