0 0.27552651953125 0.797049064453125 0.32448459375 0.79992166015625 0.32654270703125 0.74560909375 0.278689447265625 0.743077759765625 0.27552651953125 0.797049064453125
0 0.32958364453125 0.745240376953125 0.345372470703125 0.78887583203125 0.376022255859375 0.74560909375 0.36052581640625 0.702533251953125 0.32958364453125 0.745240376953125
0 0.363538830078125 0.697537263671875 0.380593216796875 0.738568166015625 0.403459044921875 0.70715267578125 0.38688747265625 0.66478288671875 0.363538830078125 0.697537263671875
0 0.4134992734375 0.525163287109375 0.417616078125 0.53476431640625 0.411914134765625 0.542239337890625 0.415916298828125 0.5519528125 0.410371125 0.560515681640625 0.46091441796875 0.677413412109375 0.467295515625 0.66901005859375 0.46280833203125 0.657985154296875 0.46842796875 0.650561125 0.464491943359375 0.63996900390625 0.469802931640625 0.63177223828125 0.465932310546875 0.62183387109375 0.471399828125 0.61474848828125 0.420766513671875 0.49897913671875 0.41531001953125 0.50720074609375 0.419847912109375 0.516077416015625 0.4134992734375 0.525163287109375
0 0.50870323828125 0.6174197265625 0.4929010859375 0.580921955078125 0.47392057421875 0.60728392578125 0.48971684765625 0.644196177734375 0.50870323828125 0.6174197265625
0 0.46528130859375 0.8904378828125 0.48704290234375 0.854996466796875 0.458429322265625 0.787468880859375 0.435283341796875 0.821242625 0.46528130859375 0.8904378828125
0 0.414196044921875 0.922587734375 0.409111751953125 0.909349841796875 0.394665982421875 0.928771255859375 0.400000376953125 0.94161989453125 0.414196044921875 0.922587734375
0 0.408107306640625 0.908387447265625 0.40289776171875 0.895654234375 0.388647509765625 0.915687791015625 0.39403693359375 0.92781443359375 0.408107306640625 0.908387447265625
0 0.402264466796875 0.89432646484375 0.39718576171875 0.881607578125 0.38247020703125 0.901563921875 0.38802606640625 0.91349155859375 0.402264466796875 0.89432646484375
0 0.396765326171875 0.880673044921875 0.391572634765625 0.868081525390625 0.37699085546875 0.887882642578125 0.3819959609375 0.900146201171875 0.396765326171875 0.880673044921875
0 0.38702726171875 0.866408279296875 0.38173378125 0.853409193359375 0.3672616171875 0.87352076171875 0.3726488046875 0.8858663125 0.38702726171875 0.866408279296875