0 0 0.09352972265625 0.097238572265625 0.08236675390625 0.085803103515625 0.058754064453125 0 0.06846903125 0 0.09352972265625
0 0.82586332421875 0.61681472265625 0.8177442890625 0.63867388671875 0.869881720703125 0.642040685546875 0.87357340234375 0.6308700234375 0.88625327734375 0.631769859375 0.889927162109375 0.621184220703125 0.82586332421875 0.61681472265625
0 0.3537267890625 0.553788134765625 0.32629798046875 0.55452305859375 0.32891434375 0.565638666015625 0.356573048828125 0.564269322265625 0.3537267890625 0.553788134765625
0 0.372434384765625 0.52487921484375 0.35116085546875 0.52680619921875 0.35245123828125 0.53277901171875 0.3295550859375 0.53417378125 0.32944977734375 0.54960216015625 0.37631740234375 0.54696696875 0.372434384765625 0.52487921484375
0 0.21649671484375 0.53127830078125 0.21585597265625 0.542733423828125 0.26962195703125 0.54034508203125 0.2695581796875 0.528047474609375 0.21649671484375 0.53127830078125
0 0.195789767578125 0.551488267578125 0.198504021484375 0.56232191796875 0.225096306640625 0.560872091796875 0.22820509375 0.569976462890625 0.25623459765625 0.56815708984375 0.252111302734375 0.55998451171875 0.264016947265625 0.55885751953125 0.260289666015625 0.54833335546875 0.195789767578125 0.551488267578125
0 0.16345305078125 0.550911361328125 0.120409115234375 0.552523853515625 0.124811251953125 0.56680021484375 0.1678626015625 0.564910150390625 0.16345305078125 0.550911361328125
0 0.14999598046875 0.496141658203125 0.15005530859375 0.501204369140625 0.14175532421875 0.50187505859375 0.142677873046875 0.514032572265625 0.151442099609375 0.513767298828125 0.152935681640625 0.5198201953125 0.164825009765625 0.52026580859375 0.1607462109375 0.495000482421875 0.14999598046875 0.496141658203125
0 0.135589662109375 0.528702669921875 0.135589662109375 0.52235363671875 0.09208890234375 0.523983646484375 0.09098540234375 0.531032568359375 0.069452310546875 0.531928490234375 0.067920166015625 0.539567185546875 0.15723102734375 0.53564567578125 0.157480205078125 0.528372330078125 0.135589662109375 0.528702669921875
0 0.05809100390625 0.549656736328125 0.063829501953125 0.56256585546875 0.107490447265625 0.55999713671875 0.101615494140625 0.547726416015625 0.05809100390625 0.549656736328125
0 0 0.552362640625 0.03155062890625 0.5473941875 0.01528437890625 0.527890251953125 0 0.53034090625 0 0.552362640625