0 0.202490962890625 0 0.20465943359375 0.000700837890625 0.20228052734375 0.0039896953125 0.20696002734375 0.005419912109375 0.206059861328125 0.00658247265625 0.2103250078125 0.00819055859375 0.20780393359375 0.011224158203125 0.21138939453125 0.01258126171875 0.210898255859375 0.013506091796875 0.21582560546875 0.015112041015625 0.2151976171875 0.01621003515625 0.218968583984375 0.017403380859375 0.216988826171875 0.020664875 0.2205385546875 0.022110056640625 0.21888343359375 0.02475670703125 0.223234494140625 0.02663929296875 0.222655923828125 0.027768501953125 0.226660296875 0.02941848828125 0.224341455078125 0.03209378515625 0.2286590625 0.03353084375 0.22624442578125 0.036433607421875 0.23096421875 0.038252486328125 0.22851308984375 0.040745638671875 0.232563078125 0.04216644921875 0.231494130859375 0.04341494921875 0.236203279296875 0.04524708203125 0.23407146484375 0.04770474609375 0.237674998046875 0.049990923828125 0.2706156484375 0.000858609375 0.2670735859375 0 0.202490962890625 0
0 0.81190905078125 0.41848301171875 0.85113518359375 0.42096770703125 0.8543430546875 0.37805046484375 0.814219681640625 0.3755888671875 0.81190905078125 0.41848301171875
0 0.85114720703125 0.422852923828125 0.82138096875 0.43713198046875 0.857416802734375 0.46436249609375 0.88776023828125 0.450135994140625 0.85114720703125 0.422852923828125
0 0.89334533984375 0.453771169921875 0.864535541015625 0.46847209765625 0.891378806640625 0.488755322265625 0.920532701171875 0.474013296875 0.89334533984375 0.453771169921875
0 0.9654910078125 0.5818528046875 0.978932990234375 0.574990810546875 0.99139910546875 0.56767936328125 0.967887662109375 0.55038418359375 0.95642238671875 0.55734813671875 0.9423847109375 0.5648774140625 0.9654910078125 0.5818528046875
0 1 0.50239180078125 0.9151150234375 0.5394016640625 0.921072896484375 0.544629962890625 0.929547671875 0.541155267578125 0.93518457421875 0.5460087578125 0.94332542578125 0.54249426953125 0.948900353515625 0.547477810546875 0.95743802734375 0.543773447265625 0.9622082109375 0.54871433203125 1 0.53221882421875 1 0.50239180078125
0 0.696351662109375 0.498407162109375 0.707621763671875 0.493863142578125 0.69062873828125 0.4807758828125 0.67877681640625 0.48585618359375 0.696351662109375 0.498407162109375
0 0.692108724609375 0.480433068359375 0.708665154296875 0.492945677734375 0.71970955859375 0.488506615234375 0.702981080078125 0.475784537109375 0.692108724609375 0.480433068359375
0 0.70429179296875 0.475295548828125 0.720705775390625 0.48767897265625 0.7317881015625 0.483279619140625 0.715407419921875 0.47035882421875 0.70429179296875 0.475295548828125
0 0.7333642890625 0.48261271875 0.7443818671875 0.478145216796875 0.72731483984375 0.465909529296875 0.716685759765625 0.470027455078125 0.7333642890625 0.48261271875
0 0.7460792265625 0.474296708984375 0.756734208984375 0.469521296875 0.740137080078125 0.45670818359375 0.72965414453125 0.4619544296875 0.7460792265625 0.474296708984375
0 0.75566676953125 0.5629765703125 0.81742015234375 0.537580275390625 0.7933925625 0.51770853125 0.732393046875 0.544220142578125 0.75566676953125 0.5629765703125