0 0.558575322265625 0.88045682421875 0.554839923828125 0.874116173828125 0.475357583984375 0.888551318359375 0.479500765625 0.894464384765625 0.558575322265625 0.88045682421875
0 0.54985288671875 0.86287866015625 0.546137974609375 0.8571219375 0.465992259765625 0.871616876953125 0.470257384765625 0.87780697265625 0.54985288671875 0.86287866015625
0 0.48339908203125 0.861793583984375 0.519365830078125 0.855452884765625 0.514601220703125 0.849557119140625 0.47860715625 0.855297384765625 0.48339908203125 0.861793583984375
0 0.455476755859375 0.85124891796875 0.526518595703125 0.8383431953125 0.5225051640625 0.83213773828125 0.45133552734375 0.845346275390625 0.455476755859375 0.85124891796875
0 0.499402080078125 0.82469580078125 0.52610886328125 0.81977310546875 0.523006599609375 0.8139684609375 0.49562668359375 0.81825116796875 0.499402080078125 0.82469580078125
0 0.44639726953125 0.83404348046875 0.473413302734375 0.82946564453125 0.469955939453125 0.82365844921875 0.44257699609375 0.828241775390625 0.44639726953125 0.83404348046875
0 0.471969482421875 0.791607974609375 0.48615014453125 0.791959736328125 0.506022193359375 0.746769283203125 0.49168934375 0.7463776015625 0.471969482421875 0.791607974609375
0 0.49254002734375 0.743181615234375 0.50687873046875 0.743637515625 0.51368322265625 0.728758541015625 0.499222578125 0.728437625 0.49254002734375 0.743181615234375
0 0.498378697265625 0.56746783984375 0.48413124609375 0.5376537421875 0.374310681640625 0.554925830078125 0.38777414453125 0.58366782421875 0.498378697265625 0.56746783984375
0 0.34518942578125 0.095445873046875 0.32740461328125 0.096231638671875 0.351479048828125 0.143580251953125 0.36087965625 0.142884021484375 0.35743771875 0.13300053125 0.3629256953125 0.132193259765625 0.35717001171875 0.118422501953125 0.36694423046875 0.117874947265625 0.3618842890625 0.1082877734375 0.352045349609375 0.10895360546875 0.34518942578125 0.095445873046875
0 0.333361810546875 0.07725414453125 0.36885200390625 0.075268224609375 0.362366748046875 0.062346095703125 0.32695892578125 0.06460000390625 0.333361810546875 0.07725414453125
0 0.321398875 0.05517798046875 0.33903953515625 0.054775642578125 0.32643528125 0.0293601875 0.30779145703125 0.029893681640625 0.321398875 0.05517798046875
0 0.350894853515625 0 0.35692583984375 0.0146671875 0.376318361328125 0.01368663671875 0.3690870546875 0 0.350894853515625 0