0 0.68066574609375 0.172110728515625 0.631011296875 0.16920025390625 0.62892391015625 0.22422902734375 0.677457828125 0.2267937421875 0.68066574609375 0.172110728515625
0 0.62583971875 0.224602607421875 0.609826314453125 0.18039173828125 0.578740568359375 0.22422902734375 0.594457427734375 0.26787290234375 0.62583971875 0.224602607421875
0 0.59140155859375 0.272934771484375 0.574104591796875 0.2313628046875 0.5509135234375 0.2631925625 0.567720806640625 0.30612107421875 0.59140155859375 0.272934771484375
0 0.540730482421875 0.4475818125 0.53655512109375 0.43785417578125 0.54233816796875 0.43028058203125 0.538279080078125 0.42043901953125 0.543903126953125 0.411763232421875 0.492640912109375 0.293323994140625 0.48616905078125 0.30183816015625 0.49072005859375 0.31300844921875 0.485020490234375 0.320530376953125 0.489012498046875 0.331262171875 0.483625970703125 0.33956702734375 0.48755164453125 0.34963644921875 0.482006359375 0.35681526953125 0.533359875 0.474111248046875 0.53889398046875 0.46578122265625 0.53429154296875 0.456787498046875 0.540730482421875 0.4475818125
0 0.4441723515625 0.3541088046875 0.46019926953125 0.391087865234375 0.479449755859375 0.364378263671875 0.46342880078125 0.3269792578125 0.4441723515625 0.3541088046875
0 0.488211908203125 0.07749041015625 0.466140779296875 0.11339918359375 0.49516135546875 0.1818172421875 0.518636560546875 0.147598130859375 0.488211908203125 0.07749041015625
0 0.54002380078125 0.044916603515625 0.545180412109375 0.058329060546875 0.55983165625 0.038651541015625 0.55442138671875 0.025633470703125 0.54002380078125 0.044916603515625
0 0.54619914453125 0.059304146484375 0.5514827890625 0.07220526953125 0.565935736328125 0.05190753515625 0.56046965234375 0.03962098046875 0.54619914453125 0.059304146484375
0 0.552125091796875 0.07355055078125 0.557276037109375 0.08643715625 0.57220090234375 0.06621765234375 0.56656601953125 0.054132728515625 0.552125091796875 0.07355055078125
0 0.557702453125 0.08738401171875 0.56296900390625 0.100141576171875 0.57775819140625 0.08007934375 0.57268189453125 0.067654068359375 0.557702453125 0.08738401171875
0 0.56757902734375 0.10183688671875 0.572947802734375 0.115007388671875 0.587625818359375 0.09463061328125 0.58216200390625 0.082122263671875 0.56757902734375 0.10183688671875