0 0.198194181640625 0.838429064453125 0.17676092578125 0.8488098046875 0.190204193359375 0.967550130859375 0.2117358359375 0.95639655859375 0.198194181640625 0.838429064453125
0 0.683312982421875 0.17700756640625 0.703154560546875 0.1843777578125 0.70621060546875 0.137049119140625 0.69607098828125 0.1336979296875 0.69688776953125 0.12218755859375 0.687279177734375 0.11885252734375 0.683312982421875 0.17700756640625
0 0.6368604375 0.6281214453125 0.635617484375 0.60301378515625 0.626103703125 0.60559752734375 0.62677079296875 0.630496494140625 0.6368604375 0.6281214453125
0 0.599863056640625 0.588615388671875 0.6016121796875 0.607926796875 0.60703370703125 0.6067554296875 0.608299740234375 0.62753980078125 0.62230408984375 0.62763539453125 0.619912126953125 0.585090513671875 0.599863056640625 0.588615388671875
0 0.61390143359375 0.681945115234375 0.602738888671875 0.68200301171875 0.60567151171875 0.73017045703125 0.616069333984375 0.7307521015625 0.61390143359375 0.681945115234375
0 0.630705185546875 0.68703316015625 0.62115239453125 0.690416662109375 0.62401611328125 0.74896754296875 0.63384982421875 0.746503630859375 0.63253381640625 0.722364033203125 0.640797859375 0.719541978515625 0.6391464140625 0.69409771875 0.63172816015625 0.697840708984375 0.630705185546875 0.68703316015625
0 0.63791477734375 0.81339949609375 0.6361991640625 0.774318900390625 0.623492453125 0.77832174609375 0.62495611328125 0.817395609375 0.63791477734375 0.81339949609375
0 0.595675462890625 0.777076326171875 0.572742109375 0.78077892578125 0.573777955078125 0.79053762890625 0.578373380859375 0.7904837734375 0.57898216796875 0.798018224609375 0.59001755078125 0.797180765625 0.58977676171875 0.789224888671875 0.59527098046875 0.78786906640625 0.595675462890625 0.777076326171875
0 0.609635779296875 0.783969892578125 0.603033759765625 0.783743697265625 0.603333609375 0.803615208984375 0.5975705859375 0.803615208984375 0.5990501484375 0.84310376171875 0.605448458984375 0.844105484375 0.6062616875 0.863652513671875 0.613195337890625 0.86504334375 0.609635779296875 0.783969892578125
0 0.6317396171875 0.82912275 0.6206014765625 0.83445583984375 0.62235362890625 0.87396593359375 0.63407124609375 0.86875671484375 0.6317396171875 0.82912275
0 0.636352046875 1 0.620299912109375 0.89805841015625 0.60259617578125 0.912824373046875 0.61657265234375 1 0.636352046875 1