0 0.25439090625 0.32654270703125 0.256922240234375 0.278689447265625 0.202950935546875 0.27552651953125 0.20007833984375 0.32448459375 0.25439090625 0.32654270703125
0 0.25439090625 0.376022255859375 0.297466748046875 0.36052581640625 0.254759623046875 0.32958364453125 0.21112416796875 0.345372470703125 0.25439090625 0.376022255859375
0 0.29284732421875 0.403459044921875 0.33521711328125 0.38688747265625 0.302462736328125 0.363538830078125 0.261431833984375 0.380593216796875 0.29284732421875 0.403459044921875
0 0.33098994140625 0.467295515625 0.342014845703125 0.46280833203125 0.349438875 0.46842796875 0.36003099609375 0.464491943359375 0.36822776171875 0.469802931640625 0.37816612890625 0.465932310546875 0.38525151171875 0.471399828125 0.50102086328125 0.420766513671875 0.49279925390625 0.41531001953125 0.483922583984375 0.419847912109375 0.474836712890625 0.4134992734375 0.46523568359375 0.417616078125 0.457760662109375 0.411914134765625 0.4480471875 0.415916298828125 0.439484318359375 0.410371125 0.322586587890625 0.46091441796875 0.33098994140625 0.467295515625
0 0.39271607421875 0.47392057421875 0.355803822265625 0.48971684765625 0.3825802734375 0.50870323828125 0.419078044921875 0.4929010859375 0.39271607421875 0.47392057421875
0 0.212531119140625 0.458429322265625 0.178757375 0.435283341796875 0.1095621171875 0.46528130859375 0.145003533203125 0.48704290234375 0.212531119140625 0.458429322265625
0 0.071228744140625 0.394665982421875 0.05838010546875 0.400000376953125 0.077412265625 0.414196044921875 0.090650158203125 0.409111751953125 0.071228744140625 0.394665982421875
0 0.084312208984375 0.388647509765625 0.07218556640625 0.39403693359375 0.091612552734375 0.408107306640625 0.104345765625 0.40289776171875 0.084312208984375 0.388647509765625
0 0.098436078125 0.38247020703125 0.08650844140625 0.38802606640625 0.10567353515625 0.402264466796875 0.118392421875 0.39718576171875 0.098436078125 0.38247020703125
0 0.112117357421875 0.37699085546875 0.099853798828125 0.3819959609375 0.119326955078125 0.396765326171875 0.131918474609375 0.391572634765625 0.112117357421875 0.37699085546875
0 0.12647923828125 0.3672616171875 0.1141336875 0.3726488046875 0.133591720703125 0.38702726171875 0.146590806640625 0.38173378125 0.12647923828125 0.3672616171875