0 0.09352972265625 1 0.08236675390625 0.902761427734375 0.058754064453125 0.914196896484375 0.06846903125 1 0.09352972265625 1
0 0.61681472265625 0.17413667578125 0.63867388671875 0.1822557109375 0.642040685546875 0.130118279296875 0.6308700234375 0.12642659765625 0.631769859375 0.11374672265625 0.621184220703125 0.110072837890625 0.61681472265625 0.17413667578125
0 0.565638666015625 0.67108565625 0.564269322265625 0.643426951171875 0.553788134765625 0.6462732109375 0.55452305859375 0.67370201953125 0.565638666015625 0.67108565625
0 0.52487921484375 0.627565615234375 0.52680619921875 0.64883914453125 0.53277901171875 0.64754876171875 0.53417378125 0.6704449140625 0.54960216015625 0.67055022265625 0.54696696875 0.62368259765625 0.52487921484375 0.627565615234375
0 0.54034508203125 0.73037804296875 0.528047474609375 0.7304418203125 0.53127830078125 0.78350328515625 0.542733423828125 0.78414402734375 0.54034508203125 0.73037804296875
0 0.55885751953125 0.735983052734375 0.54833335546875 0.739710333984375 0.551488267578125 0.804210232421875 0.56232191796875 0.801495978515625 0.560872091796875 0.774903693359375 0.569976462890625 0.77179490625 0.56815708984375 0.74376540234375 0.55998451171875 0.747888697265625 0.55885751953125 0.735983052734375
0 0.56680021484375 0.875188748046875 0.564910150390625 0.8321373984375 0.550911361328125 0.83654694921875 0.552523853515625 0.879590884765625 0.56680021484375 0.875188748046875
0 0.52026580859375 0.835174990234375 0.495000482421875 0.8392537890625 0.496141658203125 0.85000401953125 0.501204369140625 0.84994469140625 0.50187505859375 0.85824467578125 0.514032572265625 0.857322126953125 0.513767298828125 0.848557900390625 0.5198201953125 0.847064318359375 0.52026580859375 0.835174990234375
0 0.53564567578125 0.84276897265625 0.528372330078125 0.842519794921875 0.528702669921875 0.864410337890625 0.52235363671875 0.864410337890625 0.523983646484375 0.90791109765625 0.531032568359375 0.90901459765625 0.531928490234375 0.930547689453125 0.539567185546875 0.932079833984375 0.53564567578125 0.84276897265625
0 0.55999713671875 0.892509552734375 0.547726416015625 0.898384505859375 0.549656736328125 0.94190899609375 0.56256585546875 0.936170498046875 0.55999713671875 0.892509552734375
0 0.552362640625 1 0.5473941875 0.96844937109375 0.527890251953125 0.98471562109375 0.53034090625 1 0.552362640625 1