0 0.11542160546875 0.776700111328125 0.114013986328125 0.730793966796875 0.101520173828125 0.729309982421875 0.10249248046875 0.77502736328125 0.11542160546875 0.776700111328125
0 0.113705771484375 0.727784005859375 0.11272393359375 0.7127467109375 0.10027937109375 0.71115908984375 0.10127233203125 0.726755236328125 0.113705771484375 0.727784005859375
0 0.292929271484375 0.56213960546875 0.194986220703125 0.532548955078125 0.172575544921875 0.558314814453125 0.27322869921875 0.588135162109375 0.292929271484375 0.56213960546875
0 0.48234281640625 0.137558853515625 0.4733484375 0.136160291015625 0.46517726171875 0.144336611328125 0.473492466796875 0.146654748046875 0.4621836875 0.15893948046875 0.46714897265625 0.16008598046875 0.459622201171875 0.16871665625 0.468371978515625 0.17159357421875 0.51022737890625 0.12829119140625 0.49396200390625 0.12552618359375 0.48234281640625 0.137558853515625
0 0.521421927734375 0.09870631640625 0.490084388671875 0.09220505859375 0.479647234375 0.10399288671875 0.511192126953125 0.11028862109375 0.521421927734375 0.09870631640625
0 0.551738845703125 0.067488966796875 0.53444416015625 0.064528455078125 0.513022291015625 0.08736495703125 0.52795663671875 0.090504857421875 0.551738845703125 0.067488966796875
0 0.526080529296875 0.029613267578125 0.511714853515625 0.0265787421875 0.495540119140625 0.043560197265625 0.51052164453125 0.046659255859375 0.526080529296875 0.029613267578125
0 0.670612322265625 0 0.6624153984375 0.009589158203125 0.64860969921875 0.00583155859375 0.639121150390625 0.017411072265625 0.68320651953125 0.03076549609375 0.69288751953125 0.01961120703125 0.68240442578125 0.016036947265625 0.69154780078125 0.005238755859375 0.67380533984375 0 0.670612322265625 0
0 1 0.75760825390625 0.99636586328125 0.75120643359375 0.978142435546875 0.7569221796875 0.9840364609375 0.763839583984375 0.966779025390625 0.768997439453125 0.973522326171875 0.775634154296875 0.95357303125 0.78166061328125 0.956751607421875 0.7855592109375 1 0.77417588671875 1 0.75760825390625
0 0.91537423828125 0.740269294921875 0.89847935546875 0.74340366796875 0.9316408515625 0.78019536328125 0.94894050390625 0.77654465234375 0.941896728515625 0.76953019140625 0.95811740234375 0.76669605859375 0.93904966796875 0.744714953125 0.923041310546875 0.74794777734375 0.91537423828125 0.740269294921875
0 0 0.852428888671875 0.0674303125 0.874400830078125 0.073568734375 0.86913513671875 0 0.84567216015625 0 0.852428888671875
0 0.08108899609375 0.85910065625 0.0878311484375 0.853784697265625 0.01550944140625 0.830308279296875 0.011254015625 0.835965572265625 0.08108899609375 0.85910065625
0 0.081260443359375 0.836772966796875 0.048285296875 0.826197083984375 0.04333382421875 0.83157155078125 0.07577704296875 0.84250696875 0.081260443359375 0.836772966796875
0 0.11097221875 0.829904494140625 0.047618556640625 0.8093567578125 0.04234176953125 0.81410659375 0.10728828515625 0.835543546875 0.11097221875 0.829904494140625
0 0.100959369140625 0.80758175 0.09675816015625 0.812512876953125 0.1219185078125 0.8197175859375 0.126214962890625 0.81493558984375 0.100959369140625 0.80758175
0 0.054984953125 0.791492134765625 0.05035439453125 0.797071791015625 0.074276505859375 0.8045246640625 0.07907265234375 0.798744615234375 0.054984953125 0.791492134765625