0 0.779153185546875 0.754656408203125 0.782025779296875 0.70569833203125 0.72771321484375 0.70364022265625 0.725181880859375 0.75149348046875 0.779153185546875 0.754656408203125
0 0.727344498046875 0.700599283203125 0.770979955078125 0.68481045703125 0.72771321484375 0.654160669921875 0.68463737109375 0.669657111328125 0.727344498046875 0.700599283203125
0 0.67964138671875 0.66664409765625 0.72067228515625 0.649589708984375 0.689256798828125 0.626723880859375 0.646887009765625 0.643295453125 0.67964138671875 0.66664409765625
0 0.63266524609375 0.561754958984375 0.622073126953125 0.565690982421875 0.613876361328125 0.56037999609375 0.603937994140625 0.564250615234375 0.596852609375 0.55878309765625 0.4810832578125 0.609416412109375 0.4893048671875 0.61487290625 0.498181537109375 0.610335013671875 0.507267408203125 0.61668365234375 0.5168684375 0.61256684765625 0.524343458984375 0.61826879296875 0.53405693359375 0.61426662890625 0.542619802734375 0.61981180078125 0.65951753515625 0.569268509765625 0.651114181640625 0.56288741015625 0.64008927734375 0.567374595703125 0.63266524609375 0.561754958984375
0 0.59952384765625 0.52147969140625 0.563026076171875 0.53728183984375 0.589388048828125 0.5562623515625 0.62630030078125 0.540466080078125 0.59952384765625 0.52147969140625
0 0.87254200390625 0.564901619140625 0.83710058984375 0.543140025390625 0.76957300390625 0.57175360546875 0.80334674609375 0.594899583984375 0.87254200390625 0.564901619140625
0 0.90469185546875 0.615986880859375 0.891453962890625 0.62107117578125 0.91087537890625 0.635516943359375 0.923724015625 0.63018255078125 0.90469185546875 0.615986880859375
0 0.890491568359375 0.62207562109375 0.87775835546875 0.6272851640625 0.897791912109375 0.64153541796875 0.909918556640625 0.636145994140625 0.890491568359375 0.62207562109375
0 0.8764305859375 0.627918458984375 0.86371169921875 0.632997166015625 0.88366804296875 0.64771271875 0.8955956796875 0.642156861328125 0.8764305859375 0.627918458984375
0 0.86277716796875 0.6334176015625 0.85018564453125 0.63861029296875 0.869986763671875 0.6531920703125 0.88225032421875 0.648186966796875 0.86277716796875 0.6334176015625
0 0.84851240234375 0.6431556640625 0.83551331640625 0.64844914453125 0.8556248828125 0.66292130859375 0.86797043359375 0.657534123046875 0.84851240234375 0.6431556640625