0 1 0.74517503125 0.99991986328125 0.74492113671875 0.996356119140625 0.746578138671875 0.995488361328125 0.742998953125 0.948140326171875 0.77473783984375 0.950343478515625 0.77820990625 0.952711890625 0.7761558671875 0.95447748828125 0.78069321484375 0.9556806484375 0.779663263671875 0.957049861328125 0.783565498046875 0.95945247265625 0.78120379296875 0.961205296875 0.78575139453125 0.96400264453125 0.7834248515625 0.965387513671875 0.78758494140625 0.96796565625 0.785350697265625 0.96955572265625 0.78920898046875 0.97064392578125 0.788651517578125 0.972458142578125 0.792843837890625 0.97500867578125 0.791249099609375 0.976401376953125 0.79466932421875 0.97954442578125 0.79276179296875 0.98069443359375 0.7963951875 0.9817525546875 0.795790109375 0.983300181640625 0.8005376953125 0.98419142578125 0.800064474609375 0.98549924609375 0.80351912890625 0.988422677734375 0.801090029296875 0.989972365234375 0.80519957421875 0.991092705078125 0.80433224609375 0.992470982421875 0.808841025390625 0.995640404296875 0.80654891015625 0.99697047265625 0.81066358203125 1 0.808932740234375 1 0.74517503125
0 0.63436673046875 0.219227060546875 0.631994525390625 0.18056749609375 0.59063585546875 0.1836583359375 0.593030318359375 0.221453392578125 0.63436673046875 0.219227060546875
0 0.56252683984375 0.148369462890625 0.548816982421875 0.17760588671875 0.575058603515625 0.212327037109375 0.58881910546875 0.18364675 0.56252683984375 0.148369462890625
0 0.53951666015625 0.116792626953125 0.52531000390625 0.14488291015625 0.544856625 0.170746859375 0.559023677734375 0.14298812109375 0.53951666015625 0.116792626953125
0 0.4659192421875 0.07116530078125 0.44925215234375 0.048511619140625 0.44220622265625 0.0605229375 0.435593427734375 0.07347451953125 0.451952345703125 0.095737837890625 0.45920819140625 0.08221229296875 0.4659192421875 0.07116530078125
0 0.50098530859375 0 0.467528451171875 0.07663755078125 0.472289904296875 0.081233705078125 0.46872006640625 0.08945990234375 0.47352262890625 0.09483144140625 0.47013576953125 0.102675294921875 0.47481300390625 0.108106544921875 0.471464494140625 0.116272138671875 0.476502921875 0.12201265234375 0.519469798828125 0.023481873046875 0.5146151015625 0.01813974609375 0.51791222265625 0.0109759140625 0.51334076953125 0.00507141015625 0.51523077734375 0 0.50098530859375 0
0 0.528103857421875 0.34972860546875 0.532999662109375 0.33830907421875 0.52038767578125 0.321936 0.51600867578125 0.3327949375 0.528103857421875 0.34972860546875
0 0.5378097421875 0.32640737890625 0.525549677734375 0.31028919921875 0.521271822265625 0.32093067578125 0.53333002734375 0.33688308203125 0.5378097421875 0.32640737890625
0 0.54303841796875 0.314434384765625 0.5305868515625 0.298651314453125 0.526347263671875 0.309329328125 0.538280974609375 0.325144484375 0.54303841796875 0.314434384765625
0 0.54335775390625 0.31320268359375 0.547326130859375 0.30296137890625 0.53553479296875 0.28651700390625 0.531229533203125 0.297132630859375 0.54335775390625 0.31320268359375
0 0.551137599609375 0.30070741796875 0.556193322265625 0.2906069296875 0.54384552734375 0.27461530859375 0.5392435390625 0.28488156640625 0.551137599609375 0.30070741796875
0 0.471859431640625 0.298068439453125 0.497408251953125 0.239294349609375 0.47825816796875 0.2161433515625 0.453784158203125 0.275643806640625 0.471859431640625 0.298068439453125