0 0.891432291015625 0.567010328125 0.897946087890625 0.570847271484375 0.91233616015625 0.489623115234375 0.90626162109375 0.4853673046875 0.891432291015625 0.567010328125
0 0.873973984375 0.55807182421875 0.87988791015625 0.56188772265625 0.895223875 0.480128458984375 0.888864744140625 0.475747388671875 0.873973984375 0.55807182421875
0 0.872259353515625 0.530571890625 0.878773201171875 0.49362740625 0.872099607421875 0.48870521484375 0.86620258984375 0.525677759765625 0.872259353515625 0.530571890625
0 0.85468244140625 0.5379191015625 0.867940587890625 0.46494602734375 0.8618767578125 0.460692220703125 0.848307529296875 0.53379656640625 0.85468244140625 0.5379191015625
0 0.83560525 0.53749823046875 0.84066237109375 0.5100654375 0.834041751953125 0.506187408203125 0.82964209375 0.5343116328125 0.83560525 0.53749823046875
0 0.845562466796875 0.483370169921875 0.8502653125 0.45561971875 0.844305177734375 0.451695595703125 0.83959669140625 0.479818818359375 0.845562466796875 0.483370169921875
0 0.807032365234375 0.496453255859375 0.806671 0.481887099609375 0.760205498046875 0.50214303515625 0.760607875 0.516865515625 0.807032365234375 0.496453255859375
0 0.757390587890625 0.5177453359375 0.75692223828125 0.503016845703125 0.74177562890625 0.5098810546875 0.742105306640625 0.524734806640625 0.757390587890625 0.5177453359375
0 0.54578191796875 0.49437947265625 0.576410162109375 0.509014234375 0.59305252734375 0.395402955078125 0.56352566015625 0.38157349609375 0.54578191796875 0.49437947265625
0 0.0923056875 0.333392310546875 0.09149846484375 0.35166059375 0.10537505859375 0.35870289453125 0.10469104296875 0.368809298828125 0.11454001953125 0.37400679296875 0.11510252734375 0.3639668671875 0.129249330078125 0.369879015625 0.13007864453125 0.3642418515625 0.140232029296875 0.36777735546875 0.140947271484375 0.35812119921875 0.0923056875 0.333392310546875
0 0.07076981640625 0.375966427734375 0.072809966796875 0.339511453125 0.05981026953125 0.332934509765625 0.057494814453125 0.369304873046875 0.07076981640625 0.375966427734375
0 0.049717630859375 0.3453435234375 0.05013095703125 0.32722330859375 0.02415620703125 0.31324598046875 0.02360814453125 0.33239662890625 0.049717630859375 0.3453435234375
0 0 0.37967013671875 0.00750658984375 0.38363575390625 0.008513916015625 0.36371605859375 0 0.360215646484375 0 0.37967013671875