0 0.646105443359375 0.852730265625 0.649033455078125 0.88717137109375 0.713620830078125 0.876820578125 0.7105423125 0.84047554296875 0.646105443359375 0.852730265625
0 0 0.739452548828125 0.024270744140625 0.74597494921875 0.028267484375 0.72353992578125 0.00480872265625 0.717502990234375 0 0.73845674609375 0 0.739452548828125
0 0.72466815625 0.13764526171875 0.7310951640625 0.166287271484375 0.788951708984375 0.1483115625 0.7816526328125 0.11949337890625 0.72466815625 0.13764526171875
0 0.689803630859375 0.111291115234375 0.690968501953125 0.127399623046875 0.712464662109375 0.12784185546875 0.71105158984375 0.109982396484375 0.689803630859375 0.111291115234375
0 0.65982171875 0.096165345703125 0.65993496875 0.11652838671875 0.681841666015625 0.11773883203125 0.68153379296875 0.097096548828125 0.65982171875 0.096165345703125
0 0.66325430859375 0.139916345703125 0.66274130859375 0.1529663828125 0.672431703125 0.15320607421875 0.67182365234375 0.1652350234375 0.69297062109375 0.1670015546875 0.694766462890625 0.154661005859375 0.70557791015625 0.15568329296875 0.706564138671875 0.1421311015625 0.66325430859375 0.139916345703125
0 0.63158504296875 0.09464929296875 0.63137471875 0.08161603515625 0.617883666015625 0.082686259765625 0.61851194140625 0.09463491015625 0.61235997265625 0.094892580078125 0.61350798828125 0.10798576171875 0.64594974609375 0.11070147265625 0.64511125 0.09525571484375 0.63158504296875 0.09464929296875
0 0.608040921875 0.11943825 0.606818078125 0.14015843359375 0.6333148203125 0.142377984375 0.634408892578125 0.12164101953125 0.608040921875 0.11943825
0 0.567888390625 0.076641224609375 0.567427970703125 0.092155294921875 0.58066151171875 0.09245131640625 0.58089709765625 0.07776777734375 0.567888390625 0.076641224609375
0 0.556402828125 0.101277978515625 0.555255486328125 0.13749665234375 0.5663669140625 0.137742337890625 0.56677744921875 0.125833236328125 0.57796909765625 0.12666376953125 0.578653056640625 0.10231225 0.556402828125 0.101277978515625
0 0.662990654296875 0.17522658984375 0.662904369140625 0.1656808515625 0.65736247265625 0.16429662890625 0.656916208984375 0.18538234375 0.6671418515625 0.1837320625 0.6675516796875 0.177172888671875 0.662990654296875 0.17522658984375