0 0.78421456640625 0.808721228515625 0.76962909765625 0.808456826171875 0.748759974609375 0.85797529296875 0.762601998046875 0.85798461328125 0.78421456640625 0.808721228515625
0 0.792450189453125 0.78856849609375 0.778825427734375 0.788054966796875 0.77150298828125 0.8051112421875 0.785631869140625 0.80518972265625 0.792450189453125 0.78856849609375
0 0.756146828125 0.964439205078125 0.7590514375 0.970709466796875 0.84556701953125 0.95495466015625 0.84429534765625 0.94867013671875 0.756146828125 0.964439205078125
0 0.7465207734375 0.945935701171875 0.749409044921875 0.952156451171875 0.836272271484375 0.93626350390625 0.8342290625 0.930067607421875 0.7465207734375 0.945935701171875
0 0.760473787109375 0.92828208203125 0.76325858203125 0.934847892578125 0.80187626171875 0.92786709375 0.79985846484375 0.9213778515625 0.760473787109375 0.92828208203125
0 0.73038204296875 0.916924759765625 0.733347466796875 0.923181240234375 0.810711716796875 0.90920707421875 0.80783433984375 0.902812583984375 0.73038204296875 0.916924759765625
0 0.779001560546875 0.887709642578125 0.7811055859375 0.894315265625 0.810711716796875 0.888555306640625 0.808650353515625 0.88258633984375 0.779001560546875 0.887709642578125
0 0.721345986328125 0.89831151171875 0.7231459375 0.904258666015625 0.7528519140625 0.89914260546875 0.75043201171875 0.89324793359375 0.721345986328125 0.89831151171875
0 0.64650185546875 0.59992266796875 0.6592629921875 0.63036869921875 0.777904642578125 0.61197090234375 0.765414705078125 0.580621154296875 0.64650185546875 0.59992266796875
0 0.627850861328125 0.137864119140625 0.6333594296875 0.13691433203125 0.62615922265625 0.122684892578125 0.6371669609375 0.120673580078125 0.631482515625 0.110731771484375 0.62173679296875 0.11152829296875 0.61320609765625 0.096717505859375 0.595259951171875 0.0977563828125 0.62100777734375 0.14931063671875 0.632176623046875 0.14836505078125 0.627850861328125 0.137864119140625
0 0.5958721640625 0.06321071484375 0.602239978515625 0.077034720703125 0.63836319140625 0.074706240234375 0.63192019140625 0.060868712890625 0.5958721640625 0.06321071484375
0 0.594874634765625 0.02454880078125 0.57676872265625 0.02594176953125 0.590488455078125 0.05310658203125 0.608280205078125 0.0517709921875 0.594874634765625 0.02454880078125
0 0.62531072265625 0 0.629534443359375 0.00857305078125 0.646611947265625 0.007427326171875 0.6427214609375 0 0.62531072265625 0