0 0.967550130859375 0.809795806640625 0.95639655859375 0.7882641640625 0.838429064453125 0.801805818359375 0.8488098046875 0.82323907421875 0.967550130859375 0.809795806640625
0 0.17700756640625 0.316687017578125 0.1843777578125 0.296845439453125 0.137049119140625 0.29378939453125 0.1336979296875 0.30392901171875 0.12218755859375 0.30311223046875 0.11885252734375 0.312720822265625 0.17700756640625 0.316687017578125
0 0.60559752734375 0.373896296875 0.630496494140625 0.37322920703125 0.6281214453125 0.3631395625 0.60301378515625 0.364382515625 0.60559752734375 0.373896296875
0 0.588615388671875 0.400136943359375 0.607926796875 0.3983878203125 0.6067554296875 0.39296629296875 0.62753980078125 0.391700259765625 0.62763539453125 0.37769591015625 0.585090513671875 0.380087873046875 0.588615388671875 0.400136943359375
0 0.73017045703125 0.39432848828125 0.7307521015625 0.383930666015625 0.681945115234375 0.38609856640625 0.68200301171875 0.397261111328125 0.73017045703125 0.39432848828125
0 0.74896754296875 0.37598388671875 0.746503630859375 0.36615017578125 0.722364033203125 0.36746618359375 0.719541978515625 0.359202140625 0.69409771875 0.3608535859375 0.697840708984375 0.36827183984375 0.68703316015625 0.369294814453125 0.690416662109375 0.37884760546875 0.74896754296875 0.37598388671875
0 0.77832174609375 0.376507546875 0.817395609375 0.37504388671875 0.81339949609375 0.36208522265625 0.774318900390625 0.3638008359375 0.77832174609375 0.376507546875
0 0.79053762890625 0.426222044921875 0.7904837734375 0.421626619140625 0.798018224609375 0.42101783203125 0.797180765625 0.40998244921875 0.789224888671875 0.41022323828125 0.78786906640625 0.40472901953125 0.777076326171875 0.404324537109375 0.78077892578125 0.427257890625 0.79053762890625 0.426222044921875
0 0.803615208984375 0.396666390625 0.803615208984375 0.4024294140625 0.84310376171875 0.4009498515625 0.844105484375 0.394551541015625 0.863652513671875 0.3937383125 0.86504334375 0.386804662109375 0.783969892578125 0.390364220703125 0.783743697265625 0.396966240234375 0.803615208984375 0.396666390625
0 0.87396593359375 0.37764637109375 0.86875671484375 0.36592875390625 0.82912275 0.3682603828125 0.83445583984375 0.3793985234375 0.87396593359375 0.37764637109375
0 1 0.363647953125 0.89805841015625 0.379700087890625 0.912824373046875 0.39740382421875 1 0.38342734765625 1 0.363647953125