0 0.17171241796875 0.052159712890625 0.15006253515625 0.04094078515625 0.1365454453125 0.16037685546875 0.158096400390625 0.170818421875 0.17171241796875 0.052159712890625
0 0.649867201171875 0.8946112265625 0.65952855859375 0.891256654296875 0.65870729296875 0.87967883984375 0.668902591796875 0.876308015625 0.665829765625 0.828702060546875 0.6458792265625 0.8361154375 0.649867201171875 0.8946112265625
0 0.58902653515625 0.37996934765625 0.588355783203125 0.40501420703125 0.59792180859375 0.407613087890625 0.599171587890625 0.382358310546875 0.58902653515625 0.37996934765625
0 0.582130205078125 0.42564137890625 0.5845353046875 0.382847208984375 0.57045405078125 0.38294336328125 0.569181064453125 0.40384951953125 0.563729763671875 0.402671287109375 0.56197103515625 0.422095849609375 0.582130205078125 0.42564137890625
0 0.57826630859375 0.2791263046875 0.56781138671875 0.27971135546875 0.56486266015625 0.32816103515625 0.57608650390625 0.32821926953125 0.57826630859375 0.2791263046875
0 0.594011125 0.31223053515625 0.6014701171875 0.31599545703125 0.6031306328125 0.290402111328125 0.59482120703125 0.287563521484375 0.59614444140625 0.26328248046875 0.586256728515625 0.2608041328125 0.58337728515625 0.319698083984375 0.59298253515625 0.32310141015625 0.594011125 0.31223053515625
0 0.587201892578125 0.19197512109375 0.585730193359375 0.231277931640625 0.59850668359375 0.23530423046875 0.60023171484375 0.1959946484375 0.587201892578125 0.19197512109375
0 0.5573537421875 0.221674669921875 0.5518293515625 0.22031090234375 0.552071462890625 0.21230841015625 0.54097548046875 0.21146604296875 0.540363349609375 0.219044642578125 0.535742689453125 0.218990470703125 0.534701154296875 0.22880635546875 0.5577604453125 0.2325306484375 0.5573537421875 0.221674669921875
0 0.57537653125 0.14404819921875 0.5684048046875 0.145447177734375 0.567587111328125 0.1651087421875 0.561153662109375 0.16611633203125 0.5596659765625 0.205836263671875 0.565460646484375 0.205836263671875 0.565159150390625 0.2258242109375 0.57179742578125 0.22559669140625 0.57537653125 0.14404819921875
0 0.596367080078125 0.1403130703125 0.584585115234375 0.135073328125 0.58282333984375 0.174814927734375 0.594022646484375 0.180179265625 0.596367080078125 0.1403130703125
0 0.58010273046875 0 0.5647191640625 0.095987203125 0.58252012109375 0.110839685546875 0.59877760546875 0.00755621484375 0.590605720703125 0 0.58010273046875 0