0 0.89531837890625 0.572873283203125 0.901641560546875 0.56844104296875 0.886662470703125 0.48384965625 0.879882048828125 0.4878456640625 0.89531837890625 0.572873283203125
0 0.87720940625 0.582892001953125 0.88382883203125 0.57832930859375 0.86786512890625 0.493180630859375 0.8617091328125 0.49715472265625 0.87720940625 0.582892001953125
0 0.85361963671875 0.530891716796875 0.859758033203125 0.56939699609375 0.86670479296875 0.56427075 0.859924318359375 0.525794693359375 0.85361963671875 0.530891716796875
0 0.83499208984375 0.5224363359375 0.84911673828125 0.598571296875 0.855428775390625 0.59414114453125 0.84162794140625 0.518142896484375 0.83499208984375 0.5224363359375
0 0.815562634765625 0.52189991796875 0.82014237890625 0.551190060546875 0.827033998046875 0.547151263671875 0.821769876953125 0.51858121484375 0.815562634765625 0.52189991796875
0 0.82592469921875 0.57865178515625 0.830825912109375 0.60794088671875 0.83703001171875 0.603854083984375 0.832134666015625 0.574953208984375 0.82592469921875 0.57865178515625
0 0.74370268359375 0.54006928125 0.7432838359375 0.55540209765625 0.791651279296875 0.57649776171875 0.7920274375 0.561327751953125 0.74370268359375 0.54006928125
0 0.72444276171875 0.53187376171875 0.724099587890625 0.5473432890625 0.739866185546875 0.5544920625 0.740353705078125 0.539152986328125 0.72444276171875 0.53187376171875
0 0.538553431640625 0.68096996875 0.569288900390625 0.6665671953125 0.55196532421875 0.548246044921875 0.52008339453125 0.563487505859375 0.538553431640625 0.68096996875
0 0.08736441015625 0.69902011328125 0.086501150390625 0.693149255859375 0.07177528515625 0.699306498046875 0.07118975390625 0.688850357421875 0.06093763671875 0.694263318359375 0.061649650390625 0.7047886953125 0.04720505078125 0.71212294140625 0.04804531640625 0.731148552734375 0.098677916015625 0.705394505859375 0.097933396484375 0.69533804296875 0.08736441015625 0.69902011328125
0 0.011809552734375 0.69374719921875 0.014219787109375 0.731625333984375 0.02775158984375 0.724775736328125 0.02562793359375 0.686809482421875 0.011809552734375 0.69374719921875