0 0.389152759765625 0.542231216796875 0.416397041015625 0.49291890234375 0.40905891015625 0.481828744140625 0.40265771484375 0.49332575390625 0.395529962890625 0.48256008203125 0.38249543359375 0.508594572265625 0.38903669140625 0.519542830078125 0.38241675 0.53245885546875 0.389152759765625 0.542231216796875
0 0.424018888671875 0.46271866015625 0.447400228515625 0.42153542578125 0.44026298828125 0.41071021484375 0.41724301953125 0.45173467578125 0.424018888671875 0.46271866015625
0 0.43930854296875 0.322238005859375 0.448125212890625 0.322766912109375 0.44831438671875 0.345180427734375 0.457525833984375 0.345907798828125 0.457155857421875 0.29980662890625 0.447966173828125 0.29920627734375 0.447822759765625 0.2870076953125 0.43856834375 0.286822130859375 0.43930854296875 0.322238005859375
0 0.419785212890625 0.144258599609375 0.428855478515625 0.14548014453125 0.42910491796875 0.16211538671875 0.43867573828125 0.16289435546875 0.438879861328125 0.19725341015625 0.44766620703125 0.19824870703125 0.447176810546875 0.11864683984375 0.43858924609375 0.11720103125 0.438209783203125 0.10539739453125 0.428735501953125 0.104614453125 0.428789630859375 0.12150075 0.41969816015625 0.12069895703125 0.419785212890625 0.144258599609375
0 0.88897584765625 0.03720223828125 0.8875350078125 0.000215521484375 0.86098866015625 0.00037726953125 0.766822466796875 0.03232300390625 0.768664533203125 0.07869904296875 0.88897584765625 0.03720223828125
0 0.9309545546875 0.46954680859375 0.9641809453125 0.45877816015625 0.965304263671875 0.4196212421875 0.931749193359375 0.430761017578125 0.9309545546875 0.46954680859375
0 0.933872736328125 0.478416158203125 0.93972323828125 0.53486423828125 0.981160435546875 0.52621518359375 0.975111359375 0.467339890625 0.933872736328125 0.478416158203125
0 0.93715062109375 0.54027833203125 0.939294556640625 0.55493290234375 0.97582731640625 0.54580951953125 0.974363037109375 0.53239733203125 0.93715062109375 0.54027833203125
0 0.92135829296875 0.54397670703125 0.917288884765625 0.561791814453125 0.92047994921875 0.56404834765625 0.924588744140625 0.545947453125 0.92135829296875 0.54397670703125
0 0.947212509765625 0.55515518359375 0.94801108984375 0.569666861328125 0.984769234375 0.5614851875 0.98361298828125 0.547052896484375 0.947212509765625 0.55515518359375
0 0.506478099609375 0.559839921875 0.50589713671875 0.600150908203125 0.610873203125 0.6096642734375 0.613406673828125 0.569768076171875 0.506478099609375 0.559839921875