0 0.01953125 0.66015625 0.03125 0.1328125
0 0.06640625 0.90234375 0.125 0.1953125
0 0.09375 0.6015625 0.11328125 0.17578125
0 0.1796875 0.87109375 0.125 0.2109375
0 0.2109375 0.5703125 0.11328125 0.171875
0 0.29296875 0.8359375 0.1328125 0.20703125
0 0.34375 0.53125 0.1171875 0.17578125
0 0.4296875 0.796875 0.12890625 0.20703125
0 0.4375 0.421875 0.16015625 0.32421875
0 0.5390625 0.76171875 0.12109375 0.203125
0 0.56640625 0.4609375 0.1171875 0.171875
0 0.65234375 0.7265625 0.125 0.20703125
0 0.69921875 0.421875 0.109375 0.18359375
0 0.7890625 0.6875 0.12890625 0.203125
0 0.8125 0.38671875 0.1171875 0.171875
0 0.90234375 0.6484375 0.125 0.20703125
0 0.9296875 0.3515625 0.11328125 0.16796875
0 0.9765625 0.59375 0.04296875 0.16015625