0 0.9453125 0.61328125 0.08984375 0.7734375
0 0.859375 0.61328125 0.08984375 0.7734375
0 0.7734375 0.828125 0.08203125 0.34375
0 0.765625 0.39453125 0.0859375 0.3359375
0 0.6796875 0.6171875 0.08203125 0.765625
0 0.59375 0.6171875 0.08984375 0.765625
0 0.48828125 0.6171875 0.0859375 0.765625
0 0.3984375 0.6171875 0.08984375 0.765625
0 0.31640625 0.953125 0.078125 0.09375
0 0.30859375 0.5234375 0.0859375 0.57421875
0 0.22265625 0.6171875 0.0859375 0.76171875
0 0.1328125 0.6171875 0.08984375 0.76171875
0 0.015625 0.46875 0.03125 0.45703125
0 0.015625 0.91796875 0.03125 0.1640625