0 0.00390625 0.9140625 0.0078125 0.125
0 0.2421875 0.91015625 0.4453125 0.1328125
0 0.69921875 0.90234375 0.4609375 0.125
0 0.0078125 0.64453125 0.01171875 0.125
0 0.2421875 0.640625 0.44921875 0.12890625
0 0.69921875 0.6328125 0.453125 0.13671875
0 0.00390625 0.46875 0.0078125 0.11328125
0 0.23828125 0.4609375 0.453125 0.1328125
0 0.6953125 0.453125 0.45703125 0.125
0 0.00390625 0.2421875 0.0078125 0.12890625
0 0.6953125 0.23046875 0.453125 0.125
0 0.234375 0.234375 0.44921875 0.13671875
0 0.6953125 0.03125 0.4453125 0.05859375
0 0.23828125 0.03125 0.4453125 0.0625