0 0.0078125 0.78125 0.01171875 0.4375
0 0.08984375 0.15625 0.0859375 0.30859375
0 0.1015625 0.671875 0.09765625 0.65234375
0 0.1953125 0.15625 0.0859375 0.30859375
0 0.20703125 0.671875 0.09375 0.65234375
0 0.328125 0.67578125 0.08203125 0.125
0 0.3359375 0.96875 0.08203125 0.05859375
0 0.4296875 0.150390625 0.08984375 0.30078125
0 0.4375 0.671875 0.09765625 0.65625
0 0.56640625 0.1484375 0.0859375 0.296875
0 0.578125 0.671875 0.09765625 0.65625
0 0.6953125 0.671875 0.0859375 0.12890625
0 0.703125 0.96875 0.08203125 0.05859375
0 0.79296875 0.1484375 0.0859375 0.29296875
0 0.8046875 0.6640625 0.09765625 0.66796875
0 0.91015625 0.14453125 0.0859375 0.2890625
0 0.91796875 0.6640625 0.1015625 0.671875