0 0.80859375 0.578125 0.3828125 0.13671875
0 0.80859375 0.7265625 0.3828125 0.140625
0 0.80859375 0.875 0.3828125 0.13671875
0 0.8046875 0.03125 0.38671875 0.05859375
0 0.8046875 0.13671875 0.38671875 0.140625
0 0.8046875 0.28515625 0.38671875 0.140625
0 0.8046875 0.4296875 0.38671875 0.13671875
0 0.296875 0.0390625 0.59375 0.07421875
0 0.296875 0.1484375 0.59375 0.14453125
0 0.296875 0.296875 0.59375 0.14453125
0 0.296875 0.44140625 0.59375 0.140625
0 0.296875 0.59375 0.59375 0.14453125
0 0.296875 0.7421875 0.59375 0.140625
0 0.296875 0.890625 0.59375 0.15234375