0 0.974609375 0.6171875 0.05078125 0.17578125
0 0.9296875 0.9765625 0.078125 0.046875
0 0.9296875 0.36328125 0.12890625 0.25
0 0.8203125 0.9921875 0.05078125 0.015625
0 0.84765625 0.08984375 0.1171875 0.1796875
0 0.86328125 0.75390625 0.15625 0.3359375
0 0.7578125 0.4140625 0.13671875 0.25390625
0 0.75 0.78515625 0.15234375 0.328125
0 0.6640625 0.1171875 0.12890625 0.234375
0 0.640625 0.44921875 0.13671875 0.2578125
0 0.6328125 0.8203125 0.15234375 0.33984375
0 0.546875 0.1328125 0.13671875 0.265625
0 0.53125 0.484375 0.12890625 0.2578125
0 0.5 0.84765625 0.15234375 0.3046875
0 0.4296875 0.15625 0.14453125 0.30859375
0 0.3984375 0.5234375 0.140625 0.25390625
0 0.3828125 0.8671875 0.140625 0.265625
0 0.296875 0.1796875 0.15234375 0.3359375
0 0.28515625 0.5546875 0.1328125 0.25390625
0 0.265625 0.8828125 0.12890625 0.234375
0 0.1796875 0.21875 0.15625 0.33984375
0 0.171875 0.59375 0.13671875 0.25390625
0 0.11328125 0.90625 0.125 0.18359375
0 0.01171875 0.0078125 0.0234375 0.01171875
0 0.0703125 0.25 0.140625 0.33984375
0 0.046875 0.6328125 0.09375 0.26171875
0 0.0234375 0.92578125 0.046875 0.1484375