0 0.05078125 0.91796875 0.1015625 0.125
0 0.78125 0.9140625 0.43359375 0.125
0 0.3359375 0.9140625 0.44921875 0.12890625
0 0.05078125 0.65234375 0.1015625 0.125
0 0.33203125 0.6484375 0.4453125 0.125
0 0.78125 0.6484375 0.4375 0.12890625
0 0.05078125 0.4765625 0.1015625 0.125
0 0.78125 0.46875 0.4375 0.12890625
0 0.33203125 0.46875 0.453125 0.12890625
0 0.046875 0.25 0.09375 0.125
0 0.78125 0.2421875 0.4375 0.12890625
0 0.328125 0.24609375 0.44921875 0.1328125
0 0.78125 0.0390625 0.4375 0.07421875
0 0.33203125 0.0390625 0.4453125 0.07421875
0 0.05078125 0.0390625 0.1015625 0.07421875