0 0.953125 0.71875 0.09375 0.15234375
0 0.9296875 0.5703125 0.140625 0.16796875
0 0.90625 0.4140625 0.1875 0.18359375
0 0.8828125 0.265625 0.234375 0.19921875
0 0.859375 0.125 0.26953125 0.19921875
0 0.8203125 0.0390625 0.2578125 0.078125
0 0.7421875 0.78515625 0.265625 0.1953125
0 0.6953125 0.640625 0.265625 0.1953125
0 0.65234375 0.5 0.265625 0.1875
0 0.609375 0.359375 0.26171875 0.19140625
0 0.5625 0.2109375 0.26171875 0.19140625
0 0.51953125 0.08203125 0.265625 0.1640625
0 0.41796875 0.01171875 0.078125 0.0234375
0 0.43359375 0.87890625 0.2578125 0.1875
0 0.38671875 0.734375 0.2578125 0.1953125
0 0.34375 0.59375 0.26953125 0.19140625
0 0.30078125 0.44921875 0.265625 0.1953125
0 0.2578125 0.30859375 0.26953125 0.1953125
0 0.20703125 0.1640625 0.265625 0.1953125
0 0.16796875 0.05859375 0.265625 0.1171875
0 0.1328125 0.93359375 0.2578125 0.1328125
0 0.0234375 0.21484375 0.04296875 0.140625
0 0.046875 0.3671875 0.09375 0.15234375
0 0.0703125 0.515625 0.13671875 0.16015625
0 0.08984375 0.6640625 0.1796875 0.171875
0 0.109375 0.81640625 0.21484375 0.1875