0 0.875 0.8828125 0.25 0.0859375
0 0.359375 0.890625 0.71875 0.1015625
0 0.359375 0.7890625 0.71875 0.09765625
0 0.87109375 0.7734375 0.2578125 0.08984375
0 0.0625 0.6875 0.12109375 0.0859375
0 0.41015625 0.6796875 0.125 0.08203125
0 0.35546875 0.5703125 0.7109375 0.09765625
0 0.8671875 0.55859375 0.26171875 0.0859375
0 0.3515625 0.4140625 0.703125 0.09765625
0 0.8671875 0.3984375 0.265625 0.08984375
0 0.0546875 0.3046875 0.109375 0.078125
0 0.41796875 0.29296875 0.125 0.078125
0 0.3515625 0.19140625 0.69921875 0.1015625
0 0.8671875 0.18359375 0.265625 0.09375
0 0.3515625 0.0859375 0.69921875 0.09375
0 0.8671875 0.078125 0.265625 0.08984375