0 0.00390625 0.25 0.0078125 0.01953125
0 0.01953125 0.0078125 0.0390625 0.01171875
0 0.0625 0.4609375 0.12109375 0.3203125
0 0.0625 0.13671875 0.12109375 0.21875
0 0.140625 0.80078125 0.15625 0.3203125
0 0.2109375 0.9921875 0.03515625 0.01171875
0 0.1484375 0.4296875 0.16796875 0.3203125
0 0.171875 0.1015625 0.12890625 0.203125
0 0.25390625 0.76953125 0.1484375 0.3203125
0 0.26953125 0.39453125 0.1640625 0.328125
0 0.3203125 0.974609375 0.08203125 0.05078125
0 0.3046875 0.0859375 0.12109375 0.171875
0 0.3671875 0.734375 0.15625 0.3203125
0 0.38671875 0.359375 0.1640625 0.3125
0 0.41796875 0.06640625 0.109375 0.1328125
0 0.4375 0.95703125 0.09765625 0.0859375
0 0.4921875 0.6953125 0.15234375 0.31640625
0 0.53515625 0.046875 0.09375 0.09375
0 0.5 0.3203125 0.171875 0.31640625
0 0.5625 0.9375 0.10546875 0.125
0 0.6015625 0.66015625 0.15625 0.3203125
0 0.609375 0.28515625 0.1640625 0.328125
0 0.69140625 0.02734375 0.0859375 0.0546875
0 0.6796875 0.921875 0.12109375 0.15625
0 0.71484375 0.625 0.15625 0.31640625
0 0.76171875 0.2421875 0.1640625 0.32421875
0 0.8125 0.01171875 0.07421875 0.0234375
0 0.80078125 0.90234375 0.125 0.1953125
0 0.86328125 0.578125 0.15625 0.31640625
0 0.875 0.2109375 0.16796875 0.32421875
0 0.943359375 0.880859375 0.11328125 0.23828125
0 0.99609375 0.75 0.0078125 0.01171875
0 0.94921875 0.546875 0.1015625 0.31640625
0 0.953125 0.15625 0.09375 0.30078125