0 0.3515625 0.890625 0.703125 0.10546875
0 0.85546875 0.875 0.28125 0.09765625
0 0.13671875 0.77734375 0.2734375 0.0859375
0 0.56640625 0.765625 0.3671875 0.08984375
0 0.9453125 0.7578125 0.1015625 0.08984375
0 0.3515625 0.66015625 0.69921875 0.1015625
0 0.85546875 0.6484375 0.28125 0.08984375
0 0.3515625 0.55078125 0.69921875 0.09375
0 0.8515625 0.5390625 0.28515625 0.08984375
0 0.1328125 0.4375 0.265625 0.08984375
0 0.5625 0.4296875 0.359375 0.08203125
0 0.94140625 0.42578125 0.109375 0.078125
0 0.34375 0.328125 0.6875 0.09765625
0 0.8515625 0.31640625 0.2890625 0.0859375
0 0.34375 0.1875 0.68359375 0.09765625
0 0.84765625 0.1796875 0.296875 0.08984375
0 0.1328125 0.0859375 0.26171875 0.08984375
0 0.5546875 0.0703125 0.3671875 0.08984375
0 0.9375 0.0703125 0.12109375 0.08984375
0 0.34375 0.0078125 0.68359375 0.015625