0 0.97265625 0.1640625 0.0546875 0.19140625
0 0.93359375 0.00390625 0.0234375 0.0078125
0 0.890625 0.4765625 0.21875 0.7578125
0 0.8125 0.02734375 0.13671875 0.0546875
0 0.80078125 0.5703125 0.3984375 0.859375
0 0.640625 0.0546875 0.19140625 0.109375
0 0.6171875 0.59765625 0.35546875 0.8046875
0 0.4609375 0.078125 0.16015625 0.15234375
0 0.453125 0.62109375 0.37890625 0.7578125
0 0.2890625 0.1015625 0.2265625 0.203125
0 0.265625 0.6484375 0.328125 0.703125
0 0.1015625 0.12890625 0.19140625 0.2578125
0 0.03125 0.1796875 0.05859375 0.20703125
0 0.13671875 0.671875 0.2734375 0.65625