0 0.109375 0.3515625 0.10546875 0.703125
0 0.125 0.85546875 0.09765625 0.28125
0 0.22265625 0.13671875 0.0859375 0.2734375
0 0.234375 0.56640625 0.08984375 0.3671875
0 0.2421875 0.9453125 0.08984375 0.1015625
0 0.33984375 0.3515625 0.1015625 0.69921875
0 0.3515625 0.85546875 0.08984375 0.28125
0 0.44921875 0.3515625 0.09375 0.69921875
0 0.4609375 0.8515625 0.08984375 0.28515625
0 0.5625 0.1328125 0.08984375 0.265625
0 0.5703125 0.5625 0.08203125 0.359375
0 0.57421875 0.94140625 0.078125 0.109375
0 0.671875 0.34375 0.09765625 0.6875
0 0.68359375 0.8515625 0.0859375 0.2890625
0 0.8125 0.34375 0.09765625 0.68359375
0 0.8203125 0.84765625 0.08984375 0.296875
0 0.9140625 0.1328125 0.08984375 0.26171875
0 0.9296875 0.5546875 0.08984375 0.3671875
0 0.9296875 0.9375 0.08984375 0.12109375
0 0.9921875 0.34375 0.015625 0.68359375