0 0.03125 0.5 0.0625 0.23828125
0 0.03125 0.15625 0.0625 0.25
0 0.0390625 0.9375 0.07421875 0.12109375
0 0.1796875 0.16796875 0.12890625 0.3359375
0 0.18359375 0.5625 0.125 0.44140625
0 0.1875 0.8984375 0.125 0.203125
0 0.375 0.1640625 0.1328125 0.328125
0 0.37890625 0.5625 0.1328125 0.44140625
0 0.3828125 0.8984375 0.1328125 0.203125
0 0.546875 0.1640625 0.1171875 0.328125
0 0.5546875 0.890625 0.12109375 0.21484375
0 0.5546875 0.55859375 0.125 0.4453125
0 0.76953125 0.1640625 0.125 0.32421875
0 0.76953125 0.5546875 0.1328125 0.4453125
0 0.77734375 0.890625 0.125 0.21875
0 0.9921875 0.890625 0.01171875 0.21484375
0 0.9921875 0.5546875 0.015625 0.44140625
0 0.98828125 0.1640625 0.0234375 0.32421875