0 0.74609375 0.84375 0.171875 0.30859375
0 0.6484375 0.5078125 0.15625 0.31640625
0 0.6328125 0.86328125 0.16015625 0.2734375
0 0.55078125 0.171875 0.15625 0.328125
0 0.53515625 0.546875 0.15625 0.32421875
0 0.515625 0.880859375 0.14453125 0.23828125
0 0.4375 0.203125 0.15234375 0.32421875
0 0.42578125 0.5859375 0.1484375 0.328125
0 0.375 0.015625 0.08203125 0.02734375
0 0.3828125 0.8984375 0.12890625 0.203125
0 0.328125 0.23828125 0.15625 0.3203125
0 0.3046875 0.6171875 0.15234375 0.31640625
0 0.2578125 0.03125 0.08984375 0.05859375
0 0.26953125 0.9140625 0.125 0.171875
0 0.203125 0.2734375 0.1640625 0.31640625
0 0.1875 0.65625 0.15234375 0.31640625
0 0.1484375 0.93359375 0.10546875 0.1328125
0 0.1328125 0.046875 0.09765625 0.09375
0 0.08984375 0.30859375 0.1640625 0.328125
0 0.03515625 0.0625 0.0703125 0.125
0 0.03125 0.40625 0.05859375 0.19140625
0 0.07421875 0.6875 0.1484375 0.30859375
0 0.00390625 0.8671875 0.0078125 0.02734375
0 0.01953125 0.95703125 0.0390625 0.0859375