0 0.3828125 0.943359375 0.44921875 0.11328125
0 0.078125 0.943359375 0.15234375 0.11328125
0 0.8046875 0.9375 0.390625 0.12109375
0 0.0703125 0.75 0.140625 0.12109375
0 0.375 0.75 0.44921875 0.12109375
0 0.8046875 0.7421875 0.390625 0.125
0 0.0703125 0.515625 0.140625 0.1171875
0 0.37109375 0.515625 0.4453125 0.12109375
0 0.80078125 0.5078125 0.3984375 0.1171875
0 0.05859375 0.34375 0.1171875 0.12109375
0 0.3515625 0.3359375 0.4453125 0.1171875
0 0.79296875 0.33203125 0.4140625 0.125
0 0.0546875 0.171875 0.109375 0.12109375
0 0.34765625 0.171875 0.25 0.125
0 0.7578125 0.15625 0.20703125 0.12109375
0 0.7890625 0.0234375 0.421875 0.04296875
0 0.34375 0.025390625 0.4453125 0.05078125
0 0.0546875 0.02734375 0.10546875 0.0546875