0 0.0546875 0.34765625 0.09375 0.6953125
0 0.06640625 0.86328125 0.0859375 0.2734375
0 0.16015625 0.34375 0.09375 0.6875
0 0.171875 0.859375 0.0859375 0.27734375
0 0.2734375 0.056640625 0.0859375 0.11328125
0 0.28125 0.4140625 0.078125 0.12890625
0 0.390625 0.34375 0.09375 0.68359375
0 0.40234375 0.859375 0.0859375 0.28125
0 0.53125 0.33984375 0.08984375 0.6796875
0 0.546875 0.859375 0.08984375 0.28125
0 0.6484375 0.05078125 0.078125 0.1015625
0 0.65625 0.390625 0.0859375 0.125
0 0.7578125 0.337890625 0.09375 0.67578125
0 0.765625 0.85546875 0.08984375 0.2890625
0 0.875 0.3359375 0.09765625 0.671875
0 0.8828125 0.85546875 0.08984375 0.2890625
0 0.98828125 0.8515625 0.0234375 0.29296875
0 0.98046875 0.3359375 0.0390625 0.66796875