0 0.1953125 0.9140625 0.38671875 0.171875
0 0.921875 0.912109375 0.15234375 0.17578125
0 0.6171875 0.912109375 0.44921875 0.17578125
0 0.1953125 0.671875 0.38671875 0.1328125
0 0.6171875 0.6640625 0.4453125 0.12890625
0 0.921875 0.66015625 0.15234375 0.125
0 0.921875 0.3984375 0.15234375 0.12890625
0 0.6171875 0.40234375 0.44921875 0.1328125
0 0.1953125 0.40234375 0.38671875 0.1328125
0 0.19140625 0.23046875 0.3828125 0.1328125
0 0.693359375 0.22265625 0.61328125 0.1328125
0 0.61328125 0.00390625 0.4453125 0.0078125
0 0.1640625 0.0078125 0.32421875 0.01171875