0 0.943359375 0.828125 0.11328125 0.328125
0 0.8828125 0.84375 0.1640625 0.3125
0 0.8515625 0.484375 0.17578125 0.33984375
0 0.75390625 0.15625 0.1640625 0.30859375
0 0.6015625 0.8828125 0.14453125 0.234375
0 0.51171875 0.5859375 0.171875 0.33203125
0 0.48828125 0.90625 0.125 0.1875
0 0.40625 0.25 0.1484375 0.328125
0 0.3984375 0.625 0.17578125 0.33203125
0 0.3671875 0.91796875 0.12109375 0.1640625
0 0.34375 0.0390625 0.09375 0.07421875
0 0.2890625 0.2890625 0.16015625 0.33203125
0 0.28125 0.6640625 0.17578125 0.33203125
0 0.25 0.9375 0.109375 0.125
0 0.2265625 0.0546875 0.109375 0.109375
0 0.1796875 0.3203125 0.1640625 0.33203125
0 0.171875 0.6953125 0.1640625 0.3359375
0 0.05078125 0.08203125 0.1015625 0.1640625
0 0.0703125 0.35546875 0.140625 0.328125