0 0.6875 0.9921875 0.625 0.01171875
0 0.5 0.9375 1 0.0859375
0 0.5 0.80078125 1 0.0859375
0 0.5 0.7109375 1 0.08203125
0 0.2578125 0.625 0.515625 0.0703125
0 0.7890625 0.61328125 0.421875 0.0703125
0 0.2578125 0.5390625 0.515625 0.07421875
0 0.7890625 0.5234375 0.421875 0.06640625
0 0.5 0.4453125 1 0.08203125
0 0.25390625 0.359375 0.5078125 0.0703125
0 0.7890625 0.3515625 0.41796875 0.07421875
0 0.5 0.26171875 1 0.0859375
0 0.1015625 0.18359375 0.203125 0.0703125
0 0.5390625 0.171875 0.48828125 0.07421875
0 0.93359375 0.1640625 0.1328125 0.06640625
0 0.5 0.08984375 1 0.0859375
0 0.5 0.01953125 1 0.0390625