0 0.578125 0.9765625 0.08203125 0.04296875
0 0.53125 0.84375 0.140625 0.21875
0 0.4609375 0.61328125 0.12109375 0.2109375
0 0.41796875 0.8828125 0.1328125 0.22265625
0 0.390625 0.390625 0.13671875 0.22265625
0 0.34765625 0.64453125 0.125 0.2109375
0 0.3203125 0.1640625 0.125 0.2109375
0 0.28125 0.01953125 0.08984375 0.0390625
0 0.28125 0.42578125 0.1328125 0.21875
0 0.2109375 0.91796875 0.12109375 0.1640625
0 0.20703125 0.1953125 0.1328125 0.21875
0 0.15625 0.0390625 0.1015625 0.078125
0 0.140625 0.7109375 0.12109375 0.2109375
0 0.08984375 0.93359375 0.109375 0.1328125
0 0.07421875 0.484375 0.125 0.21875
0 0.03515625 0.2578125 0.0703125 0.21484375
0 0.01171875 0.578125 0.0234375 0.08203125
0 0.046875 0.74609375 0.09375 0.2109375