0 0.8046875 0.953125 0.24609375 0.09375
0 0.41015625 0.94140625 0.328125 0.1171875
0 0.984375 0.9140625 0.03125 0.07421875
0 0.76953125 0.8515625 0.2421875 0.1328125
0 0.375 0.84765625 0.32421875 0.15625
0 0.96484375 0.796875 0.0703125 0.08984375
0 0.734375 0.7421875 0.23828125 0.13671875
0 0.3359375 0.71875 0.33203125 0.16015625
0 0.94921875 0.671875 0.1015625 0.10546875
0 0.6953125 0.60546875 0.24609375 0.1328125
0 0.30078125 0.6015625 0.328125 0.16015625
0 0.9296875 0.53515625 0.140625 0.1015625
0 0.65625 0.4921875 0.24609375 0.13671875
0 0.265625 0.4921875 0.33203125 0.15625
0 0.91015625 0.4140625 0.1796875 0.12109375
0 0.625 0.3828125 0.24609375 0.13671875
0 0.22265625 0.359375 0.328125 0.15625
0 0.89453125 0.296875 0.2109375 0.125
0 0.578125 0.25 0.24609375 0.13671875
0 0.1875 0.2421875 0.32421875 0.15234375
0 0.875 0.15625 0.25 0.13671875
0 0.546875 0.1328125 0.24609375 0.14453125
0 0.15625 0.1328125 0.3125 0.15234375
0 0.85546875 0.05859375 0.2890625 0.1171875
0 0.51171875 0.046875 0.2421875 0.09375
0 0.11328125 0.03125 0.2265625 0.0625