0 0.90625 0.96484375 0.12890625 0.0703125
0 0.90625 0.703125 0.1328125 0.44921875
0 0.8984375 0.234375 0.13671875 0.46875
0 0.6171875 0.9609375 0.12890625 0.07421875
0 0.6171875 0.69921875 0.13671875 0.453125
0 0.61328125 0.2421875 0.1328125 0.44921875
0 0.609375 0.0078125 0.12890625 0.01171875
0 0.3828125 0.9609375 0.12890625 0.07421875
0 0.375 0.703125 0.13671875 0.45703125
0 0.37109375 0.2421875 0.1328125 0.453125
0 0.3671875 0.0078125 0.12890625 0.015625
0 0.203125 0.96875 0.12890625 0.0625
0 0.203125 0.703125 0.1328125 0.453125
0 0.1953125 0.0078125 0.125 0.015625
0 0.19921875 0.25 0.1328125 0.4453125
0 0.0390625 0.01171875 0.07421875 0.0234375
0 0.0390625 0.25 0.078125 0.44921875
0 0.04296875 0.703125 0.0859375 0.4453125
0 0.046875 0.96875 0.08984375 0.0625