0 0.02734375 0.8359375 0.0546875 0.19140625
0 0.06640625 0.99609375 0.0234375 0.0078125
0 0.109375 0.5234375 0.21875 0.7578125
0 0.1875 0.97265625 0.13671875 0.0546875
0 0.19921875 0.4296875 0.3984375 0.859375
0 0.359375 0.9453125 0.19140625 0.109375
0 0.3828125 0.40234375 0.35546875 0.8046875
0 0.5390625 0.921875 0.16015625 0.15234375
0 0.546875 0.37890625 0.37890625 0.7578125
0 0.7109375 0.8984375 0.2265625 0.203125
0 0.734375 0.3515625 0.328125 0.703125
0 0.8984375 0.87109375 0.19140625 0.2578125
0 0.96875 0.8203125 0.05859375 0.20703125
0 0.86328125 0.328125 0.2734375 0.65625