0 0.974609375 0.8125 0.05078125 0.375
0 0.96875 0.0859375 0.05859375 0.16796875
0 0.96875 0.3984375 0.05859375 0.4453125
0 0.77734375 0.8125 0.1328125 0.37109375
0 0.76953125 0.0859375 0.1328125 0.171875
0 0.7734375 0.3984375 0.13671875 0.4453125
0 0.578125 0.818359375 0.19140625 0.36328125
0 0.5703125 0.40625 0.19140625 0.44921875
0 0.56640625 0.0859375 0.1875 0.16796875
0 0.3203125 0.818359375 0.12890625 0.36328125
0 0.3125 0.087890625 0.12890625 0.17578125
0 0.3203125 0.40625 0.13671875 0.4453125
0 0.056640625 0.087890625 0.11328125 0.17578125
0 0.05859375 0.40625 0.1171875 0.44921875
0 0.0625 0.81640625 0.125 0.3671875