0 0.8671875 0.8984375 0.11328125 0.19921875
0 0.7734375 0.5859375 0.1640625 0.33203125
0 0.69140625 0.921875 0.109375 0.15234375
0 0.6640625 0.25 0.125 0.19921875
0 0.5703125 0.94140625 0.09375 0.1171875
0 0.6015625 0.640625 0.16796875 0.328125
0 0.4921875 0.30078125 0.12109375 0.203125
0 0.45703125 0.9609375 0.0859375 0.078125
0 0.48828125 0.67578125 0.1640625 0.328125
0 0.3828125 0.3359375 0.12109375 0.203125
0 0.375 0.7109375 0.16015625 0.32421875
0 0.3203125 0.9765625 0.07421875 0.04296875
0 0.265625 0.375 0.12109375 0.20703125
0 0.24609375 0.7578125 0.15625 0.328125
0 0.1328125 0.4140625 0.11328125 0.203125
0 0.1328125 0.7890625 0.16015625 0.328125
0 0.0390625 0.453125 0.078125 0.19921875
0 0.046875 0.828125 0.09375 0.32421875