0 0.0234375 0.578125 0.04296875 0.08203125
0 0.15625 0.53125 0.21875 0.140625
0 0.38671875 0.4609375 0.2109375 0.12109375
0 0.1171875 0.41796875 0.22265625 0.1328125
0 0.609375 0.390625 0.22265625 0.13671875
0 0.35546875 0.34765625 0.2109375 0.125
0 0.8359375 0.3203125 0.2109375 0.125
0 0.98046875 0.28125 0.0390625 0.08984375
0 0.57421875 0.28125 0.21875 0.1328125
0 0.08203125 0.2109375 0.1640625 0.12109375
0 0.8046875 0.20703125 0.21875 0.1328125
0 0.9609375 0.15625 0.078125 0.1015625
0 0.2890625 0.140625 0.2109375 0.12109375
0 0.06640625 0.08984375 0.1328125 0.109375
0 0.515625 0.07421875 0.21875 0.125
0 0.7421875 0.03515625 0.21484375 0.0703125
0 0.421875 0.01171875 0.08203125 0.0234375
0 0.25390625 0.046875 0.2109375 0.09375