0 0.9921875 0.01953125 0.01171875 0.0390625
0 0.9921875 0.9765625 0.015625 0.046875
0 0.96484375 0.3359375 0.0703125 0.2578125
0 0.94140625 0.7578125 0.1171875 0.33203125
0 0.91015625 0.98828125 0.0859375 0.0234375
0 0.921875 0.08984375 0.12890625 0.1796875
0 0.8515625 0.4140625 0.16015625 0.32421875
0 0.84375 0.796875 0.16796875 0.33984375
0 0.75 0.1171875 0.140625 0.234375
0 0.734375 0.453125 0.171875 0.328125
0 0.6875 0.83984375 0.16796875 0.3203125
0 0.6328125 0.1328125 0.15625 0.265625
0 0.578125 0.50390625 0.16796875 0.3359375
0 0.5703125 0.859375 0.16015625 0.27734375
0 0.46875 0.15625 0.16796875 0.3125
0 0.40625 0.8828125 0.14453125 0.234375
0 0.34765625 0.15625 0.15625 0.30078125
0 0.2890625 0.8984375 0.13671875 0.19921875
0 0.1953125 0.625 0.1640625 0.328125
0 0.1875 0.2109375 0.16015625 0.296875
0 0.1171875 0.0078125 0.06640625 0.015625
0 0.1171875 0.921875 0.12109375 0.15234375
0 0.0234375 0.02734375 0.046875 0.0546875
0 0.08203125 0.265625 0.1640625 0.33203125
0 0.0078125 0.4453125 0.01171875 0.03515625
0 0.0625 0.671875 0.12109375 0.33203125
0 0.00390625 0.8359375 0.0078125 0.02734375
0 0.0234375 0.94140625 0.046875 0.1171875