0 0.9921875 0.3125 0.01171875 0.625
0 0.9375 0.5 0.0859375 1
0 0.80078125 0.5 0.0859375 1
0 0.7109375 0.5 0.08203125 1
0 0.625 0.7421875 0.0703125 0.515625
0 0.61328125 0.2109375 0.0703125 0.421875
0 0.5390625 0.7421875 0.07421875 0.515625
0 0.5234375 0.2109375 0.06640625 0.421875
0 0.4453125 0.5 0.08203125 1
0 0.359375 0.74609375 0.0703125 0.5078125
0 0.3515625 0.2109375 0.07421875 0.41796875
0 0.26171875 0.5 0.0859375 1
0 0.18359375 0.8984375 0.0703125 0.203125
0 0.171875 0.4609375 0.07421875 0.48828125
0 0.1640625 0.06640625 0.06640625 0.1328125
0 0.08984375 0.5 0.0859375 1
0 0.01953125 0.5 0.0390625 1