0 0.4921875 0.921875 0.1015625 0.15234375
0 0.40625 0.6328125 0.16015625 0.32421875
0 0.3125 0.953125 0.08984375 0.09375
0 0.296875 0.28125 0.140625 0.24609375
0 0.21875 0.0625 0.1015625 0.125
0 0.23828125 0.6875 0.1484375 0.32421875
0 0.1953125 0.96484375 0.0859375 0.0703125
0 0.125 0.328125 0.14453125 0.24609375
0 0.1171875 0.7265625 0.15234375 0.33203125
0 0.078125 0.984375 0.07421875 0.02734375
0 0.046875 0.087890625 0.09375 0.17578125
0 0.0390625 0.3671875 0.078125 0.24609375
0 0.0390625 0.796875 0.078125 0.26953125