0 0.078125 0.96875 0.15234375 0.05859375
0 0.734375 0.953125 0.31640625 0.09375
0 0.98046875 0.8984375 0.0390625 0.07421875
0 0.34375 0.9140625 0.2421875 0.12890625
0 0.0625 0.875 0.125 0.1015625
0 0.671875 0.8125 0.328125 0.1640625
0 0.30859375 0.796875 0.2421875 0.13671875
0 0.0390625 0.7578125 0.078125 0.0859375
0 0.953125 0.7265625 0.08984375 0.08984375
0 0.28125 0.6875 0.25390625 0.12890625
0 0.6328125 0.703125 0.328125 0.16796875
0 0.01953125 0.6171875 0.0390625 0.078125
0 0.9375 0.6015625 0.125 0.09765625
0 0.6015625 0.5859375 0.32421875 0.16015625
0 0.00390625 0.515625 0.0078125 0.03125
0 0.234375 0.5546875 0.25 0.12109375
0 0.921875 0.4921875 0.15625 0.109375
0 0.19921875 0.4375 0.234375 0.12109375
0 0.5625 0.453125 0.328125 0.16015625
0 0.8984375 0.3515625 0.19921875 0.12109375
0 0.53125 0.34375 0.32421875 0.16796875
0 0.1640625 0.328125 0.24609375 0.13671875
0 0.880859375 0.234375 0.23828125 0.1328125
0 0.4921875 0.2265625 0.32421875 0.1640625
0 0.12109375 0.18359375 0.2421875 0.1328125
0 0.8515625 0.1171875 0.24609375 0.12890625
0 0.4453125 0.0859375 0.3203125 0.16015625
0 0.1015625 0.0625 0.203125 0.12109375
0 0.75 0.01953125 0.1328125 0.0390625
0 0.3359375 0.025390625 0.16796875 0.05078125