0 0.796875 0.984375 0.11328125 0.03125
0 0.3984375 0.974609375 0.1640625 0.05078125
0 0.9296875 0.943359375 0.140625 0.11328125
0 0.6640625 0.921875 0.32421875 0.15234375
0 0.912109375 0.828125 0.17578125 0.1171875
0 0.62890625 0.8125 0.328125 0.15625
0 0.015625 0.71484375 0.02734375 0.0859375
0 0.61328125 0.6953125 0.28125 0.140625
0 0.890625 0.6640625 0.21875 0.12890625
0 0.203125 0.6484375 0.33984375 0.171875
0 0.859375 0.5625 0.23046875 0.13671875
0 0.9921875 0.50390625 0.015625 0.0546875
0 0.54296875 0.546875 0.3203125 0.15234375
0 0.53125 0.4296875 0.29296875 0.15234375
0 0.8046875 0.39453125 0.22265625 0.1328125
0 0.96484375 0.33984375 0.0703125 0.0859375
0 0.4921875 0.3125 0.28125 0.14453125
0 0.1328125 0.3046875 0.26171875 0.15234375
0 0.76953125 0.28125 0.21875 0.12890625
0 0.94921875 0.22265625 0.1015625 0.09375
0 0.44140625 0.203125 0.328125 0.16015625
0 0.109375 0.1875 0.21875 0.14453125
0 0.71875 0.125 0.22265625 0.13671875
0 0.40625 0.09375 0.33203125 0.16015625
0 0.92578125 0.05859375 0.1484375 0.1171875
0 0.83984375 0.00390625 0.015625 0.0078125
0 0.6875 0.0390625 0.21875 0.07421875
0 0.234375 0.0078125 0.05078125 0.015625
0 0.0859375 0.03125 0.171875 0.05859375