0 0.8046875 0.97265625 0.24609375 0.0546875
0 0.50390625 0.97265625 0.25 0.0546875
0 0.8046875 0.89453125 0.25 0.078125
0 0.50390625 0.890625 0.25 0.07421875
0 0.8046875 0.8046875 0.25390625 0.078125
0 0.5 0.8046875 0.25 0.078125
0 0.5 0.71484375 0.25 0.0703125
0 0.80078125 0.71484375 0.25 0.078125
0 0.47265625 0.62890625 0.2890625 0.078125
0 0.8203125 0.625 0.29296875 0.078125
0 0.47265625 0.5390625 0.2890625 0.07421875
0 0.81640625 0.5390625 0.2890625 0.078125
0 0.81640625 0.453125 0.2890625 0.07421875
0 0.46875 0.453125 0.2890625 0.078125
0 0.46875 0.3671875 0.2890625 0.07421875
0 0.81640625 0.359375 0.2890625 0.078125
0 0.46875 0.27734375 0.2890625 0.0703125
0 0.81640625 0.2734375 0.2890625 0.078125
0 0.81640625 0.1875 0.2890625 0.07421875
0 0.46875 0.1875 0.2890625 0.07421875
0 0.8125 0.09765625 0.28515625 0.078125
0 0.8125 0.0234375 0.28515625 0.046875
0 0.4609375 0.0703125 0.30078125 0.13671875