0 0.88671875 0.8046875 0.125 0.390625
0 0.87890625 0.0703125 0.125 0.140625
0 0.8828125 0.375 0.1328125 0.453125
0 0.61328125 0.8046875 0.1328125 0.390625
0 0.60546875 0.07421875 0.125 0.1484375
0 0.609375 0.37890625 0.1328125 0.4453125
0 0.4375 0.8046875 0.12109375 0.390625
0 0.4375 0.3828125 0.125 0.44921875
0 0.43359375 0.07421875 0.125 0.1484375
0 0.21484375 0.8046875 0.1328125 0.38671875
0 0.2109375 0.37890625 0.12890625 0.4453125
0 0.203125 0.07421875 0.12890625 0.1484375
0 0.015625 0.078125 0.03125 0.15234375
0 0.01953125 0.3828125 0.0390625 0.4453125
0 0.0234375 0.80859375 0.04296875 0.3828125