0 0.01171875 0.328125 0.0234375 0.65234375
0 0.015625 0.875 0.03125 0.24609375
0 0.078125 0.328125 0.0859375 0.65234375
0 0.08984375 0.875 0.0703125 0.24609375
0 0.2109375 0.1796875 0.07421875 0.35546875
0 0.21875 0.51953125 0.0703125 0.25
0 0.2265625 0.875 0.0703125 0.24609375
0 0.3046875 0.3203125 0.0703125 0.640625
0 0.3125 0.875 0.06640625 0.24609375
0 0.390625 0.03515625 0.0625 0.0703125
0 0.390625 0.3984375 0.06640625 0.484375
0 0.40625 0.84375 0.06640625 0.2109375
0 0.4765625 0.03125 0.0625 0.0625
0 0.484375 0.390625 0.06640625 0.48828125
0 0.4921875 0.84375 0.0625 0.20703125
0 0.5703125 0.3203125 0.078125 0.63671875
0 0.578125 0.8671875 0.0703125 0.26171875
0 0.66015625 0.31640625 0.078125 0.6328125
0 0.67578125 0.8671875 0.0625 0.26171875
0 0.75 0.31640625 0.07421875 0.6328125
0 0.7578125 0.8671875 0.06640625 0.26171875
0 0.83984375 0.53125 0.0625 0.19921875
0 0.8359375 0.17578125 0.0703125 0.3515625
0 0.84765625 0.921875 0.0703125 0.15625
0 0.921875 0.3125 0.078125 0.625
0 0.9375 0.8671875 0.06640625 0.26171875
0 0.99609375 0.8671875 0.0078125 0.26171875
0 0.984375 0.3125 0.02734375 0.625