0 0.0234375 0.662109375 0.04296875 0.67578125
0 0.1171875 0.66015625 0.14453125 0.6796875
0 0.26953125 0.65625 0.1484375 0.68359375
0 0.4140625 0.65625 0.14453125 0.6875
0 0.5625 0.65625 0.140625 0.6875
0 0.7109375 0.65234375 0.14453125 0.6953125
0 0.859375 0.6484375 0.14453125 0.69921875
0 0.96875 0.6484375 0.0625 0.703125
0 0.9609375 0.140625 0.07421875 0.28125
0 0.8515625 0.140625 0.140625 0.28125
0 0.69921875 0.14453125 0.1328125 0.2890625
0 0.5546875 0.1484375 0.13671875 0.29296875
0 0.40625 0.1484375 0.140625 0.296875
0 0.2578125 0.150390625 0.13671875 0.30078125
0 0.109375 0.15234375 0.13671875 0.3046875
0 0.015625 0.15625 0.03125 0.30859375