0 0.734375 0.953125 0.3046875 0.08984375
0 0.3515625 0.9453125 0.3203125 0.10546875
0 0.0625 0.9453125 0.125 0.109375
0 0.6953125 0.87890625 0.32421875 0.15625
0 0.31640625 0.8671875 0.3203125 0.16796875
0 0.04296875 0.7890625 0.0859375 0.09375
0 0.66015625 0.765625 0.328125 0.16015625
0 0.2734375 0.71484375 0.32421875 0.171875
0 0.0234375 0.66796875 0.046875 0.0859375
0 0.61328125 0.6171875 0.3203125 0.16015625
0 0.234375 0.6015625 0.33203125 0.171875
0 0.578125 0.5 0.32421875 0.16015625
0 0.1484375 0.15625 0.29296875 0.16015625
0 0.4375 0.0703125 0.29296875 0.140625
0 0.3203125 0.015625 0.10546875 0.03125
0 0.125 0.05859375 0.25 0.1171875