0 0.96875 0.1015625 0.0625 0.19921875
0 0.94921875 0.4921875 0.1015625 0.32421875
0 0.94140625 0.8515625 0.1171875 0.296875
0 0.875 0.16015625 0.17578125 0.3203125
0 0.859375 0.53125 0.16796875 0.32421875
0 0.84375 0.87109375 0.16015625 0.2578125
0 0.7578125 0.1953125 0.16796875 0.3359375
0 0.75 0.5625 0.16015625 0.32421875
0 0.671875 0.0078125 0.04296875 0.01171875
0 0.69921875 0.890625 0.140625 0.21484375
0 0.640625 0.2265625 0.17578125 0.33984375
0 0.57421875 0.0234375 0.0859375 0.046875
0 0.609375 0.60546875 0.16015625 0.328125
0 0.578125 0.90625 0.13671875 0.18359375
0 0.5 0.640625 0.15234375 0.328125
0 0.5078125 0.265625 0.17578125 0.34765625
0 0.46484375 0.92578125 0.1171875 0.1484375
0 0.43359375 0.046875 0.1015625 0.08984375
0 0.39453125 0.3046875 0.171875 0.33984375
0 0.3828125 0.671875 0.16796875 0.32421875
0 0.31640625 0.0625 0.1015625 0.12109375
0 0.3203125 0.9453125 0.109375 0.109375
0 0.27734375 0.3359375 0.1796875 0.33984375
0 0.24609375 0.71875 0.1640625 0.33203125
0 0.203125 0.96484375 0.09375 0.0703125
0 0.19140625 0.078125 0.1171875 0.15625
0 0.13671875 0.37890625 0.1640625 0.3359375
0 0.1328125 0.75 0.16015625 0.32421875
0 0.08203125 0.984375 0.078125 0.03125
0 0.05859375 0.109375 0.1171875 0.1796875
0 0.00390625 0.2109375 0.0078125 0.015625
0 0.05859375 0.4140625 0.1171875 0.33984375
0 0.05078125 0.7890625 0.1015625 0.3203125