0 0.984375 0.4453125 0.03125 0.11328125
0 0.97265625 0.8359375 0.0546875 0.16796875
0 0.953125 0.16796875 0.09375 0.328125
0 0.921875 0.5703125 0.15234375 0.328125
0 0.90625 0.890625 0.13671875 0.21875
0 0.87109375 0.2109375 0.1640625 0.3359375
0 0.80859375 0.015625 0.078125 0.0234375
0 0.7890625 0.90625 0.1328125 0.1875
0 0.7578125 0.24609375 0.171875 0.328125
0 0.68359375 0.03125 0.0859375 0.05859375
0 0.703125 0.640625 0.1796875 0.32421875
0 0.671875 0.921875 0.12109375 0.15234375
0 0.62109375 0.2890625 0.171875 0.3359375
0 0.59375 0.671875 0.16796875 0.33203125
0 0.546875 0.9375 0.10546875 0.12109375
0 0.546875 0.0546875 0.109375 0.10546875
0 0.515625 0.328125 0.16796875 0.33203125
0 0.43359375 0.95703125 0.1015625 0.0859375
0 0.421875 0.0703125 0.11328125 0.1328125
0 0.39453125 0.35546875 0.171875 0.3359375
0 0.359375 0.73828125 0.171875 0.3359375
0 0.30859375 0.08984375 0.125 0.171875
0 0.25390625 0.3984375 0.171875 0.328125
0 0.1640625 0.109375 0.140625 0.21484375