0 0.73828125 0.9375 0.453125 0.125
0 0.28125 0.9375 0.44921875 0.125
0 0.02734375 0.9375 0.0546875 0.125
0 0.02734375 0.7421875 0.0546875 0.12109375
0 0.28125 0.73828125 0.4375 0.125
0 0.73046875 0.734375 0.4453125 0.125
0 0.0234375 0.5078125 0.04296875 0.1171875
0 0.27734375 0.5 0.4453125 0.12890625
0 0.73046875 0.49609375 0.4609375 0.125
0 0.015625 0.328125 0.03125 0.1171875
0 0.265625 0.328125 0.4453125 0.12109375
0 0.72265625 0.3203125 0.4453125 0.125
0 0.125 0.15625 0.16796875 0.12109375
0 0.4375 0.15234375 0.23828125 0.125
0 0.7890625 0.1484375 0.24609375 0.125
0 0.71484375 0.015625 0.4375 0.02734375
0 0.2578125 0.01953125 0.4453125 0.0390625
0 0.01171875 0.01953125 0.0234375 0.0390625