0 0.21875 0.9609375 0.43359375 0.07421875
0 0.65625 0.9609375 0.3671875 0.078125
0 0.9609375 0.953125 0.078125 0.08984375
0 0.21875 0.859375 0.43359375 0.09765625
0 0.65625 0.85546875 0.37109375 0.09375
0 0.9609375 0.84765625 0.078125 0.0859375
0 0.0859375 0.7578125 0.125 0.09765625
0 0.21484375 0.640625 0.4296875 0.08984375
0 0.6484375 0.63671875 0.37109375 0.09375
0 0.95703125 0.625 0.0859375 0.08203125
0 0.212890625 0.5078125 0.42578125 0.08984375
0 0.6484375 0.5 0.37109375 0.0859375
0 0.953125 0.48828125 0.08984375 0.078125
0 0.0859375 0.390625 0.125 0.0859375
0 0.2109375 0.2734375 0.421875 0.09375
0 0.640625 0.26171875 0.37109375 0.0859375
0 0.953125 0.25390625 0.09375 0.0859375
0 0.2109375 0.1640625 0.41796875 0.09375
0 0.640625 0.1484375 0.3671875 0.08984375
0 0.953125 0.14453125 0.09375 0.0859375