0 0.8046875 0.921875 0.10546875 0.15625
0 0.7109375 0.65625 0.1328125 0.24609375
0 0.6171875 0.94921875 0.09375 0.1015625
0 0.6171875 0.328125 0.1484375 0.33203125
0 0.5234375 0.046875 0.08984375 0.09375
0 0.54296875 0.70703125 0.125 0.2578125
0 0.5 0.96875 0.078125 0.0625
0 0.4453125 0.3828125 0.15234375 0.3203125
0 0.4296875 0.7421875 0.1328125 0.25390625
0 0.3828125 0.984375 0.0703125 0.03125
0 0.34765625 0.07421875 0.1015625 0.1484375
0 0.3359375 0.4140625 0.16015625 0.33203125
0 0.31640625 0.77734375 0.1328125 0.25
0 0.2265625 0.08984375 0.12109375 0.1796875
0 0.21875 0.453125 0.15625 0.3359375
0 0.18359375 0.8125 0.140625 0.25390625
0 0.109375 0.109375 0.125 0.21875
0 0.0859375 0.4921875 0.16015625 0.3203125
0 0.0703125 0.859375 0.13671875 0.25390625
0 0.0234375 0.19140625 0.04296875 0.140625
0 0.025390625 0.60546875 0.05078125 0.1796875
0 0.0078125 0.96875 0.015625 0.05859375