0 0.9609375 0.99609375 0.078125 0.0078125
0 0.328125 0.99609375 0.25 0.0078125
0 0.7265625 0.9921875 0.36328125 0.01171875
0 0.2265625 0.8828125 0.453125 0.13671875
0 0.7265625 0.87890625 0.54296875 0.1328125
0 0.2265625 0.6015625 0.453125 0.1328125
0 0.953125 0.59375 0.08984375 0.12890625
0 0.6796875 0.59375 0.44921875 0.13671875
0 0.671875 0.35546875 0.44921875 0.1328125
0 0.953125 0.3515625 0.09375 0.12890625
0 0.22265625 0.3515625 0.4453125 0.13671875
0 0.22265625 0.1796875 0.4453125 0.13671875
0 0.671875 0.1796875 0.44921875 0.13671875
0 0.953125 0.171875 0.09375 0.1328125
0 0.953125 0.03125 0.09375 0.05859375
0 0.6796875 0.03125 0.44921875 0.0625
0 0.22265625 0.03515625 0.4453125 0.0703125