0 0.0390625 0.51171875 0.078125 0.9765625
0 0.1328125 0.51171875 0.0859375 0.9765625
0 0.21484375 0.0859375 0.078125 0.12890625
0 0.21875 0.48046875 0.0859375 0.53125
0 0.2265625 0.90625 0.078125 0.1875
0 0.3125 0.5078125 0.08203125 0.98046875
0 0.3984375 0.5078125 0.0859375 0.98046875
0 0.5 0.5078125 0.0859375 0.984375
0 0.5859375 0.1015625 0.08203125 0.16796875
0 0.58984375 0.609375 0.0859375 0.78125
0 0.671875 0.1796875 0.078125 0.33203125
0 0.6796875 0.71875 0.0859375 0.5625
0 0.765625 0.505859375 0.08203125 0.98828125
0 0.8515625 0.505859375 0.08984375 0.98828125
0 0.9765625 0.671875 0.04296875 0.65234375
0 0.9765625 0.109375 0.046875 0.21484375