0 0.015625 0.16015625 0.03125 0.1015625
0 0.02734375 0.86328125 0.0546875 0.1796875
0 0.0390625 0.98046875 0.078125 0.0390625
0 0.06640625 0.390625 0.1328125 0.32421875
0 0.140625 0.0859375 0.12890625 0.16796875
0 0.15625 0.734375 0.16796875 0.33203125
0 0.2265625 0.953125 0.09765625 0.09375
0 0.2265625 0.34375 0.16796875 0.33203125
0 0.296875 0.0625 0.10546875 0.125
0 0.33203125 0.6796875 0.1640625 0.32421875
0 0.375 0.296875 0.16796875 0.33203125
0 0.41796875 0.046875 0.09375 0.08984375
0 0.4140625 0.92578125 0.11328125 0.1484375
0 0.4765625 0.63671875 0.16796875 0.3359375
0 0.48046875 0.2578125 0.1640625 0.32421875
0 0.53125 0.025390625 0.08203125 0.05078125
0 0.5625 0.90625 0.13671875 0.1875
0 0.5859375 0.6015625 0.16796875 0.328125
0 0.64453125 0.0078125 0.0546875 0.015625
0 0.59375 0.2265625 0.1640625 0.328125
0 0.67578125 0.8828125 0.140625 0.234375
0 0.703125 0.56640625 0.17578125 0.328125
0 0.71875 0.1875 0.16015625 0.33203125
0 0.796875 0.8671875 0.15234375 0.265625
0 0.8203125 0.53125 0.17578125 0.33984375
0 0.828125 0.15625 0.16796875 0.3125
0 0.921875 0.849609375 0.15625 0.30078125
0 0.9765625 0.7421875 0.04296875 0.140625
0 0.9296875 0.4921875 0.140625 0.33203125
0 0.984375 0.35546875 0.03125 0.1015625
0 0.9375 0.140625 0.125 0.28125