0 0.83203125 0.94921875 0.0859375 0.1015625
0 0.8203125 0.5 0.09375 0.73828125
0 0.8125 0.0546875 0.0859375 0.09765625
0 0.7265625 0.953125 0.08203125 0.09375
0 0.7109375 0.0546875 0.0859375 0.1015625
0 0.625 0.953125 0.08203125 0.09375
0 0.515625 0.953125 0.078125 0.09375
0 0.6171875 0.5078125 0.30078125 0.7421875
0 0.5 0.0546875 0.078125 0.10546875
0 0.34765625 0.953125 0.0859375 0.08984375
0 0.34375 0.515625 0.09375 0.73828125
0 0.3359375 0.05859375 0.08203125 0.109375
0 0.2421875 0.95703125 0.08203125 0.0859375
0 0.234375 0.58984375 0.078125 0.125
0 0.23046875 0.2265625 0.078125 0.12109375
0 0.13671875 0.9609375 0.0859375 0.078125
0 0.12890625 0.51953125 0.09375 0.734375
0 0.12109375 0.0625 0.0859375 0.11328125
0 0.025390625 0.0625 0.05078125 0.1171875
0 0.03515625 0.51953125 0.0703125 0.734375
0 0.03515625 0.9609375 0.0703125 0.078125