0 0.953125 0.21875 0.09375 0.3203125
0 0.953125 0.609375 0.09375 0.33203125
0 0.943359375 0.90625 0.11328125 0.18359375
0 0.921875 0.02734375 0.0859375 0.0546875
0 0.875 0.265625 0.171875 0.33984375
0 0.87109375 0.640625 0.1640625 0.328125
0 0.8046875 0.04296875 0.09375 0.0859375
0 0.8046875 0.9296875 0.12109375 0.140625
0 0.765625 0.296875 0.1796875 0.34375
0 0.734375 0.6796875 0.16015625 0.33203125
0 0.68359375 0.0625 0.109375 0.12109375
0 0.62890625 0.3359375 0.171875 0.33984375
0 0.546875 0.078125 0.1171875 0.15625