0 0.1328125 0.2265625 0.09765625 0.44921875
0 0.140625 0.578125 0.09765625 0.24609375
0 0.2421875 0.12890625 0.0859375 0.2578125
0 0.25 0.4609375 0.08984375 0.2421875
0 0.35546875 0.21875 0.09375 0.4375
0 0.36328125 0.58203125 0.0859375 0.2421875
0 0.4765625 0.58203125 0.08203125 0.2421875
0 0.46875 0.21875 0.09375 0.4375
0 0.578125 0.125 0.08203125 0.25
0 0.5859375 0.45703125 0.078125 0.25
0 0.69140625 0.21875 0.09375 0.43359375
0 0.69921875 0.5703125 0.0859375 0.25
0 0.828125 0.21875 0.08984375 0.43359375
0 0.8359375 0.56640625 0.0859375 0.25
0 0.9375 0.12109375 0.08984375 0.2421875
0 0.9453125 0.4453125 0.08203125 0.25