0 0.25390625 0.9609375 0.4453125 0.078125
0 0.96875 0.9609375 0.0625 0.078125
0 0.7109375 0.9609375 0.44921875 0.078125
0 0.25390625 0.8203125 0.4453125 0.12890625
0 0.70703125 0.8125 0.4453125 0.125
0 0.96875 0.80859375 0.0625 0.125
0 0.24609375 0.625 0.453125 0.1328125
0 0.703125 0.6171875 0.44921875 0.12890625
0 0.96484375 0.61328125 0.0703125 0.125
0 0.2421875 0.3984375 0.44921875 0.1328125
0 0.69921875 0.390625 0.4453125 0.12890625
0 0.96484375 0.390625 0.0703125 0.12890625
0 0.6953125 0.21875 0.4453125 0.12890625
0 0.2421875 0.21875 0.4453125 0.1328125
0 0.9609375 0.2109375 0.07421875 0.12890625
0 0.9609375 0.0390625 0.07421875 0.078125
0 0.6953125 0.046875 0.44921875 0.08984375
0 0.2421875 0.046875 0.4453125 0.09375