0 0.953125 0.85546875 0.08984375 0.2890625
0 0.94140625 0.3359375 0.09375 0.671875
0 0.84375 0.859375 0.08984375 0.28125
0 0.8359375 0.337890625 0.09765625 0.67578125
0 0.7265625 0.359375 0.078125 0.12109375
0 0.71875 0.0390625 0.08203125 0.07421875
0 0.62109375 0.859375 0.0859375 0.28125
0 0.61328125 0.33984375 0.1015625 0.6796875
0 0.484375 0.859375 0.08203125 0.27734375
0 0.4765625 0.34375 0.09375 0.68359375
0 0.35546875 0.3671875 0.0859375 0.1328125
0 0.3515625 0.04296875 0.0859375 0.0859375
0 0.25 0.8671875 0.08984375 0.265625
0 0.2421875 0.34375 0.09765625 0.6875
0 0.140625 0.8671875 0.08984375 0.265625
0 0.1328125 0.34375 0.09375 0.6875