0 0.078125 0.8046875 0.15625 0.10546875
0 0.34375 0.7109375 0.24609375 0.1328125
0 0.05078125 0.6171875 0.1015625 0.09375
0 0.671875 0.6171875 0.33203125 0.1484375
0 0.953125 0.5234375 0.09375 0.08984375
0 0.29296875 0.54296875 0.2578125 0.125
0 0.03125 0.5 0.0625 0.078125
0 0.6171875 0.4453125 0.3203125 0.15234375
0 0.2578125 0.4296875 0.25390625 0.1328125
0 0.015625 0.3828125 0.03125 0.0703125
0 0.92578125 0.34765625 0.1484375 0.1015625
0 0.5859375 0.3359375 0.33203125 0.16015625
0 0.22265625 0.31640625 0.25 0.1328125
0 0.91015625 0.2265625 0.1796875 0.12109375
0 0.546875 0.21875 0.3359375 0.15625
0 0.1875 0.18359375 0.25390625 0.140625
0 0.890625 0.109375 0.21875 0.125
0 0.5078125 0.0859375 0.3203125 0.16015625
0 0.140625 0.0703125 0.25390625 0.13671875
0 0.80859375 0.0234375 0.140625 0.04296875
0 0.39453125 0.025390625 0.1796875 0.05078125
0 0.03125 0.0078125 0.05859375 0.015625