0 0.984375 0.046875 0.03125 0.09375
0 0.97265625 0.40234375 0.0546875 0.1953125
0 0.953125 0.8125 0.08984375 0.30859375
0 0.9140625 0.1328125 0.14453125 0.265625
0 0.87890625 0.46875 0.140625 0.25390625
0 0.87109375 0.84765625 0.15625 0.3046875
0 0.7734375 0.15234375 0.15234375 0.3046875
0 0.765625 0.5 0.12890625 0.25390625
0 0.75 0.86328125 0.14453125 0.2734375
0 0.6640625 0.1796875 0.15625 0.33984375
0 0.64453125 0.5390625 0.125 0.24609375
0 0.609375 0.88671875 0.13671875 0.2265625
0 0.546875 0.2109375 0.15234375 0.32421875
0 0.515625 0.58203125 0.1328125 0.25
0 0.421875 0.2578125 0.16015625 0.33984375
0 0.3359375 0.015625 0.07421875 0.02734375
0 0.3515625 0.921875 0.11328125 0.15234375
0 0.265625 0.65625 0.1328125 0.25390625
0 0.1640625 0.33203125 0.1640625 0.3359375
0 0.07421875 0.046875 0.09375 0.09375