0 0.2734375 0.984375 0.24609375 0.02734375
0 0.015625 0.984375 0.03125 0.02734375
0 0.6171875 0.984375 0.203125 0.03125
0 0.96875 0.98046875 0.0625 0.0390625
0 0.2734375 0.8515625 0.44921875 0.125
0 0.0234375 0.8515625 0.04296875 0.12890625
0 0.984375 0.84375 0.03125 0.12890625
0 0.734375 0.84765625 0.44921875 0.1328125
0 0.015625 0.6640625 0.03125 0.12890625
0 0.265625 0.65625 0.44921875 0.12890625
0 0.974609375 0.6484375 0.05078125 0.125
0 0.71875 0.65234375 0.4453125 0.1328125
0 0.015625 0.484375 0.03125 0.12109375
0 0.265625 0.484375 0.44921875 0.12109375
0 0.974609375 0.4765625 0.05078125 0.1171875
0 0.71875 0.48046875 0.44140625 0.125
0 0.265625 0.265625 0.453125 0.12890625
0 0.015625 0.26171875 0.03125 0.125
0 0.71875 0.2578125 0.44140625 0.125
0 0.974609375 0.2578125 0.05078125 0.12890625
0 0.974609375 0.0234375 0.05078125 0.04296875
0 0.71875 0.02734375 0.4453125 0.0546875
0 0.265625 0.02734375 0.44921875 0.0546875
0 0.015625 0.02734375 0.03125 0.0546875