0 0.9921875 0.4375 0.01171875 0.03125
0 0.984375 0.8125 0.03125 0.12109375
0 0.9375 0.59765625 0.125 0.2890625
0 0.9140625 0.890625 0.13671875 0.21484375
0 0.8359375 0.625 0.1484375 0.28515625
0 0.796875 0.90625 0.125 0.1875
0 0.71875 0.6640625 0.15234375 0.29296875
0 0.6640625 0.9296875 0.11328125 0.140625
0 0.58984375 0.70703125 0.1484375 0.28125
0 0.546875 0.9453125 0.10546875 0.10546875
0 0.48046875 0.7421875 0.15625 0.29296875
0 0.3671875 0.78125 0.15234375 0.2890625
0 0.30859375 0.9765625 0.0859375 0.04296875
0 0.25 0.8125 0.14453125 0.2890625
0 0.140625 0.84375 0.15234375 0.296875
0 0.05078125 0.8671875 0.1015625 0.26171875