0 0.953125 0.19140625 0.09375 0.25
0 0.943359375 0.5859375 0.11328125 0.33984375
0 0.9140625 0.015625 0.07421875 0.03125
0 0.9296875 0.921875 0.11328125 0.15625
0 0.859375 0.2265625 0.12890625 0.25390625
0 0.796875 0.03125 0.08203125 0.0625
0 0.8359375 0.62890625 0.16015625 0.3359375
0 0.72265625 0.265625 0.1328125 0.25390625
0 0.671875 0.953125 0.09765625 0.08984375
0 0.65625 0.0546875 0.1015625 0.109375
0 0.5859375 0.69921875 0.16015625 0.3359375
0 0.5390625 0.9765625 0.08203125 0.046875
0 0.4375 0.9921875 0.05078125 0.015625
0 0.46875 0.34765625 0.13671875 0.2578125
0 0.46875 0.7421875 0.16015625 0.33984375
0 0.39453125 0.09375 0.125 0.1875
0 0.35546875 0.77734375 0.1640625 0.34375
0 0.03125 0.91015625 0.05859375 0.1796875