0 0.6484375 0.96875 0.19921875 0.05859375
0 0.2578125 0.96875 0.22265625 0.0625
0 0.85546875 0.943359375 0.1875 0.11328125
0 0.55078125 0.9140625 0.328125 0.171875
0 0.16796875 0.87890625 0.328125 0.1640625
0 0.8203125 0.8359375 0.18359375 0.12890625
0 0.5078125 0.77734375 0.33984375 0.171875
0 0.1484375 0.765625 0.296875 0.1640625
0 0.77734375 0.69140625 0.1796875 0.125
0 0.4765625 0.6640625 0.33203125 0.1640625
0 0.1328125 0.640625 0.265625 0.14453125
0 0.74609375 0.578125 0.1796875 0.11328125
0 0.44140625 0.546875 0.34375 0.171875
0 0.1171875 0.5 0.23046875 0.1484375
0 0.78515625 0.4453125 0.328125 0.15234375
0 0.9765625 0.375 0.046875 0.08203125
0 0.3984375 0.4140625 0.3359375 0.16796875
0 0.09375 0.3828125 0.1875 0.1328125
0 0.7421875 0.3046875 0.32421875 0.16796875
0 0.3671875 0.296875 0.33203125 0.16796875
0 0.078125 0.265625 0.15234375 0.1171875
0 0.95703125 0.23828125 0.0859375 0.1015625
0 0.703125 0.1953125 0.32421875 0.16796875
0 0.328125 0.1796875 0.3359375 0.16796875
0 0.9375 0.1171875 0.12109375 0.109375
0 0.056640625 0.1171875 0.11328125 0.109375
0 0.92578125 0.03125 0.1484375 0.05859375
0 0.671875 0.078125 0.328125 0.15625
0 0.5234375 0.015625 0.10546875 0.03125
0 0.28515625 0.0625 0.328125 0.125