0 0.9375 0.26171875 0.125 0.453125
0 0.9375 0.71875 0.125 0.44921875
0 0.9375 0.97265625 0.125 0.0546875
0 0.7421875 0.97265625 0.12109375 0.0546875
0 0.73828125 0.71875 0.125 0.4375
0 0.734375 0.26953125 0.125 0.4453125
0 0.5078125 0.9765625 0.1171875 0.04296875
0 0.5 0.72265625 0.12890625 0.4453125
0 0.49609375 0.26953125 0.125 0.4609375
0 0.328125 0.984375 0.1171875 0.03125
0 0.328125 0.734375 0.12109375 0.4453125
0 0.3203125 0.27734375 0.125 0.4453125
0 0.15625 0.875 0.12109375 0.16796875
0 0.15234375 0.5625 0.125 0.23828125
0 0.1484375 0.2109375 0.125 0.24609375
0 0.015625 0.28515625 0.02734375 0.4375
0 0.01953125 0.7421875 0.0390625 0.4453125
0 0.01953125 0.98828125 0.0390625 0.0234375