0 0.015625 0.1015625 0.02734375 0.1640625
0 0.01953125 0.4140625 0.0390625 0.234375
0 0.0234375 0.78125 0.04296875 0.24609375
0 0.1484375 0.015625 0.12109375 0.02734375
0 0.1484375 0.2578125 0.12890625 0.44921875
0 0.15625 0.71484375 0.12890625 0.4453125
0 0.3203125 0.0859375 0.125 0.1640625
0 0.32421875 0.42578125 0.125 0.25
0 0.328125 0.7890625 0.125 0.25
0 0.4921875 0.015625 0.12109375 0.02734375
0 0.5 0.2578125 0.1328125 0.44140625
0 0.50390625 0.7109375 0.1328125 0.45703125
0 0.6875 0.0078125 0.125 0.01171875
0 0.6875 0.2421875 0.12890625 0.44921875
0 0.6953125 0.6953125 0.125 0.44921875
0 0.859375 0.00390625 0.125 0.0078125
0 0.8671875 0.2421875 0.12890625 0.44140625
0 0.87109375 0.6953125 0.125 0.44921875