0 0.1953125 0.9765625 0.19921875 0.0390625
0 0.46484375 0.9765625 0.203125 0.04296875
0 0.828125 0.97265625 0.19921875 0.046875
0 0.265625 0.84375 0.4453125 0.125
0 0.71875 0.8359375 0.44921875 0.125
0 0.9765625 0.83203125 0.046875 0.125
0 0.1796875 0.671875 0.19921875 0.125
0 0.828125 0.6640625 0.203125 0.12109375
0 0.46875 0.6640625 0.19921875 0.12109375
0 0.7265625 0.4921875 0.4453125 0.12109375
0 0.265625 0.4921875 0.45703125 0.12890625
0 0.9765625 0.484375 0.046875 0.12109375
0 0.26171875 0.3046875 0.453125 0.12890625
0 0.71875 0.296875 0.4453125 0.1328125
0 0.97265625 0.2890625 0.0546875 0.12890625
0 0.9765625 0.1171875 0.046875 0.1171875
0 0.71875 0.12109375 0.453125 0.125
0 0.2578125 0.125 0.44921875 0.1328125