0 0.046875 0.37890625 0.08984375 0.7265625
0 0.0546875 0.875 0.09375 0.24609375
0 0.1640625 0.25 0.08984375 0.36328125
0 0.171875 0.765625 0.08984375 0.36328125
0 0.2734375 0.375 0.09765625 0.7265625
0 0.28125 0.875 0.0859375 0.24609375
0 0.3828125 0.37109375 0.08984375 0.7265625
0 0.3984375 0.875 0.08984375 0.25
0 0.5 0.2421875 0.09765625 0.36328125
0 0.5078125 0.75390625 0.08984375 0.3671875
0 0.609375 0.3671875 0.09375 0.73046875
0 0.62109375 0.875 0.0859375 0.25
0 0.75 0.3671875 0.09375 0.73046875
0 0.7578125 0.87109375 0.0859375 0.2578125
0 0.859375 0.234375 0.08984375 0.37109375
0 0.8671875 0.7421875 0.09375 0.3671875
0 0.96875 0.8671875 0.0625 0.26171875
0 0.9609375 0.359375 0.078125 0.71875