0 0.0234375 0.72265625 0.04296875 0.15625
0 0.0546875 0.93359375 0.109375 0.1328125
0 0.08203125 0.62109375 0.1484375 0.296875
0 0.1796875 0.9140625 0.12109375 0.171875
0 0.2109375 0.578125 0.14453125 0.2890625
0 0.3125 0.890625 0.1328125 0.21484375
0 0.328125 0.54296875 0.15625 0.296875
0 0.4375 0.875 0.14453125 0.25
0 0.4453125 0.5078125 0.1484375 0.29296875
0 0.55078125 0.84375 0.1484375 0.25390625
0 0.578125 0.46484375 0.15234375 0.296875
0 0.6796875 0.8046875 0.1484375 0.25390625
0 0.69140625 0.4296875 0.1484375 0.2890625
0 0.7421875 0.984375 0.078125 0.03125
0 0.796875 0.7734375 0.14453125 0.26171875
0 0.8046875 0.3984375 0.14453125 0.2890625
0 0.859375 0.96484375 0.08984375 0.0703125
0 0.90625 0.73828125 0.140625 0.25
0 0.96484375 0.953125 0.0703125 0.09375
0 0.984375 0.6328125 0.03125 0.10546875
0 0.9296875 0.359375 0.140625 0.29296875
0 0.9921875 0.21875 0.015625 0.07421875