0 0.2265625 0.8671875 0.44921875 0.09765625
0 0.578125 0.859375 0.24609375 0.09765625
0 0.12890625 0.7578125 0.2578125 0.0859375
0 0.4609375 0.75 0.2421875 0.08984375
0 0.21875 0.64453125 0.4375 0.09375
0 0.58203125 0.63671875 0.2421875 0.0859375
0 0.58203125 0.5234375 0.2421875 0.08203125
0 0.21875 0.53125 0.4375 0.09375
0 0.125 0.421875 0.25 0.08203125
0 0.45703125 0.4140625 0.25 0.078125
0 0.21875 0.30859375 0.43359375 0.09375
0 0.5703125 0.30078125 0.25 0.0859375
0 0.21875 0.171875 0.43359375 0.08984375
0 0.56640625 0.1640625 0.25 0.0859375
0 0.12109375 0.0625 0.2421875 0.08984375
0 0.4453125 0.0546875 0.25 0.08203125