0 0.0078125 0.734375 0.01171875 0.52734375
0 0.0859375 0.63671875 0.1484375 0.7265625
0 0.375 0.6328125 0.14453125 0.73046875
0 0.234375 0.6328125 0.14453125 0.73046875
0 0.671875 0.6328125 0.14453125 0.734375
0 0.5234375 0.6328125 0.15234375 0.734375
0 0.9453125 0.630859375 0.10546875 0.73828125
0 0.81640625 0.630859375 0.1484375 0.73828125
0 0.94140625 0.12109375 0.1171875 0.2421875
0 0.8046875 0.12109375 0.13671875 0.2421875
0 0.65625 0.125 0.140625 0.24609375
0 0.51171875 0.125 0.1328125 0.24609375
0 0.36328125 0.125 0.1328125 0.25
0 0.21875 0.125 0.13671875 0.25
0 0.07421875 0.125 0.140625 0.25