0 0.14453125 0.953125 0.2890625 0.08984375
0 0.6640625 0.94140625 0.671875 0.09375
0 0.140625 0.84375 0.28125 0.08984375
0 0.662109375 0.8359375 0.67578125 0.09765625
0 0.640625 0.7265625 0.12109375 0.078125
0 0.9609375 0.71875 0.07421875 0.08203125
0 0.140625 0.62109375 0.28125 0.0859375
0 0.66015625 0.61328125 0.6796875 0.1015625
0 0.140625 0.484375 0.27734375 0.08203125
0 0.65625 0.4765625 0.68359375 0.09375
0 0.6328125 0.35546875 0.1328125 0.0859375
0 0.95703125 0.3515625 0.0859375 0.0859375
0 0.1328125 0.25 0.265625 0.08984375
0 0.65625 0.2421875 0.6875 0.09765625
0 0.1328125 0.140625 0.265625 0.08984375
0 0.65625 0.1328125 0.6875 0.09375