0 0.0625 0.97265625 0.125 0.0546875
0 0.5859375 0.96484375 0.765625 0.0703125
0 0.484375 0.890625 0.96875 0.0859375
0 0.15625 0.80078125 0.3125 0.0859375
0 0.68359375 0.796875 0.5703125 0.08203125
0 0.484375 0.70703125 0.96484375 0.0859375
0 0.484375 0.6171875 0.96484375 0.08984375
0 0.48046875 0.515625 0.9609375 0.0859375
0 0.48046875 0.4296875 0.9609375 0.09375
0 0.34375 0.34375 0.60546875 0.0859375
0 0.8359375 0.3359375 0.2421875 0.08203125
0 0.4765625 0.2578125 0.953125 0.08984375
0 0.4765625 0.1640625 0.953125 0.08984375
0 0.609375 0.03125 0.6953125 0.0625
0 0.0546875 0.03125 0.10546875 0.0625