0 0.00390625 0.53515625 0.0078125 0.0234375
0 0.0078125 0.974609375 0.015625 0.05078125
0 0.015625 0.09375 0.03125 0.10546875
0 0.0390625 0.703125 0.078125 0.18359375
0 0.0703125 0.3515625 0.13671875 0.3359375
0 0.0859375 0.0625 0.10546875 0.125
0 0.1484375 0.66015625 0.11328125 0.171875
0 0.171875 0.3203125 0.1640625 0.33203125
0 0.2109375 0.04296875 0.09765625 0.0859375
0 0.28125 0.6640625 0.13671875 0.25390625
0 0.2890625 0.28125 0.1640625 0.3359375
0 0.34765625 0.0234375 0.078125 0.04296875
0 0.35546875 0.9140625 0.1171875 0.16796875
0 0.3828125 0.58984375 0.12109375 0.1796875
0 0.453125 0.0078125 0.0390625 0.01171875
0 0.421875 0.2421875 0.16796875 0.33203125
0 0.515625 0.546875 0.1171875 0.17578125
0 0.5390625 0.203125 0.15234375 0.32421875
0 0.63671875 0.54296875 0.1484375 0.2578125
0 0.6484375 0.171875 0.1640625 0.3359375
0 0.7421875 0.859375 0.14453125 0.28125
0 0.75390625 0.515625 0.140625 0.25
0 0.78515625 0.1484375 0.15625 0.296875
0 0.859375 0.84375 0.15234375 0.3125
0 0.8828125 0.4765625 0.13671875 0.25
0 0.90625 0.1328125 0.1484375 0.265625
0 0.9609375 0.796875 0.078125 0.30859375
0 0.96484375 0.4375 0.0703125 0.24609375
0 0.9765625 0.07421875 0.046875 0.1484375