0 0.0859375 0.1953125 0.171875 0.38671875
0 0.087890625 0.921875 0.17578125 0.15234375
0 0.087890625 0.6171875 0.17578125 0.44921875
0 0.328125 0.1953125 0.1328125 0.38671875
0 0.3359375 0.6171875 0.12890625 0.4453125
0 0.33984375 0.921875 0.125 0.15234375
0 0.6015625 0.921875 0.12890625 0.15234375
0 0.59765625 0.6171875 0.1328125 0.44921875
0 0.59765625 0.1953125 0.1328125 0.38671875
0 0.76953125 0.19140625 0.1328125 0.3828125
0 0.77734375 0.693359375 0.1328125 0.61328125
0 0.99609375 0.61328125 0.0078125 0.4453125
0 0.9921875 0.1640625 0.01171875 0.32421875