0 0.1015625 0.984375 0.1640625 0.02734375
0 0.4140625 0.98046875 0.234375 0.0390625
0 0.78125 0.9765625 0.24609375 0.04296875
0 0.015625 0.8515625 0.02734375 0.12109375
0 0.2578125 0.8515625 0.44921875 0.12890625
0 0.71484375 0.84375 0.4453125 0.12890625
0 0.0859375 0.6796875 0.1640625 0.125
0 0.42578125 0.67578125 0.25 0.125
0 0.7890625 0.671875 0.25 0.125
0 0.015625 0.5078125 0.02734375 0.12109375
0 0.2578125 0.5 0.44140625 0.1328125
0 0.7109375 0.49609375 0.45703125 0.1328125
0 0.0078125 0.3125 0.01171875 0.125
0 0.2421875 0.3125 0.44921875 0.12890625
0 0.6953125 0.3046875 0.44921875 0.125
0 0.00390625 0.140625 0.0078125 0.125
0 0.2421875 0.1328125 0.44140625 0.12890625
0 0.6953125 0.12890625 0.44921875 0.125