0 0.66015625 0.890625 0.4453125 0.1328125
0 0.21484375 0.890625 0.4296875 0.13671875
0 0.9453125 0.8828125 0.109375 0.125
0 0.2109375 0.6484375 0.421875 0.203125
0 0.943359375 0.640625 0.11328125 0.1953125
0 0.6484375 0.64453125 0.44921875 0.203125
0 0.5 0.44140625 1 0.078125
0 0.9453125 0.1015625 0.109375 0.19921875
0 0.7890625 0.12109375 0.13671875 0.2421875
0 0.59375 0.125 0.13671875 0.24609375
0 0.42578125 0.125 0.140625 0.25
0 0.23046875 0.1015625 0.140625 0.203125
0 0.06640625 0.125 0.1328125 0.25