0 0.953125 0.265625 0.08984375 0.3046875
0 0.9453125 0.6484375 0.10546875 0.3203125
0 0.9453125 0.9375 0.109375 0.125
0 0.87890625 0.3046875 0.15625 0.32421875
0 0.8671875 0.68359375 0.16796875 0.3203125
0 0.7890625 0.95703125 0.09375 0.0859375
0 0.765625 0.33984375 0.16015625 0.328125
0 0.71484375 0.7265625 0.171875 0.32421875
0 0.66796875 0.9765625 0.0859375 0.046875
0 0.6171875 0.38671875 0.16015625 0.3203125
0 0.6015625 0.765625 0.171875 0.33203125
0 0.5 0.421875 0.16015625 0.32421875
0 0.15625 0.8515625 0.16015625 0.29296875
0 0.0703125 0.5625 0.140625 0.29296875
0 0.015625 0.6796875 0.03125 0.10546875
0 0.05859375 0.875 0.1171875 0.25