0 0.0390625 0.77734375 0.07421875 0.2421875
0 0.0625 0.953125 0.10546875 0.09375
0 0.109375 0.69921875 0.17578125 0.3359375
0 0.1796875 0.93359375 0.11328125 0.1328125
0 0.22265625 0.6640625 0.171875 0.33984375
0 0.3046875 0.91796875 0.1171875 0.1640625
0 0.359375 0.6171875 0.171875 0.33203125
0 0.4609375 0.5859375 0.16796875 0.33984375
0 0.5546875 0.880859375 0.13671875 0.23828125
0 0.578125 0.5546875 0.16796875 0.33203125
0 0.6640625 0.5234375 0.17578125 0.33984375
0 0.78125 0.4921875 0.1796875 0.3359375
0 0.87890625 0.7890625 0.1484375 0.25390625
0 0.8984375 0.4609375 0.171875 0.33984375
0 0.9609375 0.375 0.07421875 0.24609375