0 0.015625 0.2734375 0.02734375 0.24609375
0 0.015625 0.015625 0.02734375 0.03125
0 0.015625 0.6171875 0.03125 0.203125
0 0.01953125 0.96875 0.0390625 0.0625
0 0.1484375 0.2734375 0.125 0.44921875
0 0.1484375 0.0234375 0.12890625 0.04296875
0 0.15625 0.984375 0.12890625 0.03125
0 0.15234375 0.734375 0.1328125 0.44921875
0 0.3359375 0.015625 0.12890625 0.03125
0 0.34375 0.265625 0.12890625 0.44921875
0 0.3515625 0.974609375 0.125 0.05078125
0 0.34765625 0.71875 0.1328125 0.4453125
0 0.515625 0.015625 0.12109375 0.03125
0 0.515625 0.265625 0.12109375 0.44921875
0 0.5234375 0.974609375 0.1171875 0.05078125
0 0.51953125 0.71875 0.125 0.44140625
0 0.734375 0.265625 0.12890625 0.453125
0 0.73828125 0.015625 0.125 0.03125
0 0.7421875 0.71875 0.125 0.44140625
0 0.7421875 0.974609375 0.12890625 0.05078125
0 0.9765625 0.974609375 0.04296875 0.05078125
0 0.97265625 0.71875 0.0546875 0.4453125
0 0.97265625 0.265625 0.0546875 0.44921875
0 0.97265625 0.015625 0.0546875 0.03125