0 0.72265625 0.9765625 0.15625 0.04296875
0 0.93359375 0.9453125 0.1328125 0.109375
0 0.62109375 0.91796875 0.296875 0.1484375
0 0.9140625 0.8203125 0.171875 0.12109375
0 0.578125 0.7890625 0.2890625 0.14453125
0 0.890625 0.6875 0.21484375 0.1328125
0 0.54296875 0.671875 0.296875 0.15625
0 0.875 0.5625 0.25 0.14453125
0 0.5078125 0.5546875 0.29296875 0.1484375
0 0.84375 0.44921875 0.25390625 0.1484375
0 0.46484375 0.421875 0.296875 0.15234375
0 0.8046875 0.3203125 0.25390625 0.1484375
0 0.4296875 0.30859375 0.2890625 0.1484375
0 0.984375 0.2578125 0.03125 0.078125
0 0.7734375 0.203125 0.26171875 0.14453125
0 0.3984375 0.1953125 0.2890625 0.14453125
0 0.96484375 0.140625 0.0703125 0.08984375
0 0.73828125 0.09375 0.25 0.140625
0 0.953125 0.03515625 0.09375 0.0703125
0 0.6328125 0.015625 0.10546875 0.03125
0 0.359375 0.0703125 0.29296875 0.140625
0 0.21875 0.0078125 0.07421875 0.015625