0 0.0078125 0.5625 0.01171875 0.03125
0 0.015625 0.1875 0.03125 0.12109375
0 0.0625 0.40234375 0.125 0.2890625
0 0.0859375 0.109375 0.13671875 0.21484375
0 0.1640625 0.375 0.1484375 0.28515625
0 0.203125 0.09375 0.125 0.1875
0 0.28125 0.3359375 0.15234375 0.29296875
0 0.3359375 0.0703125 0.11328125 0.140625
0 0.41015625 0.29296875 0.1484375 0.28125
0 0.453125 0.0546875 0.10546875 0.10546875
0 0.51953125 0.2578125 0.15625 0.29296875
0 0.6328125 0.21875 0.15234375 0.2890625
0 0.69140625 0.0234375 0.0859375 0.04296875
0 0.75 0.1875 0.14453125 0.2890625
0 0.859375 0.15625 0.15234375 0.296875
0 0.94921875 0.1328125 0.1015625 0.26171875