0 0.9375 0.7578125 0.09765625 0.48046875
0 0.9296875 0.25390625 0.1015625 0.5078125
0 0.828125 0.80078125 0.08984375 0.3671875
0 0.8125 0.3125 0.09765625 0.37109375
0 0.80078125 0.00390625 0.0859375 0.0078125
0 0.7109375 0.7578125 0.08984375 0.48046875
0 0.703125 0.2578125 0.10546875 0.51171875
0 0.59765625 0.76171875 0.09375 0.4765625
0 0.5859375 0.2578125 0.09375 0.51171875
0 0.484375 0.8046875 0.08984375 0.36328125
0 0.47265625 0.296875 0.09375 0.359375
0 0.4609375 0.0078125 0.08203125 0.015625
0 0.375 0.765625 0.08984375 0.46875
0 0.36328125 0.2578125 0.09375 0.515625
0 0.234375 0.765625 0.09375 0.46875
0 0.21875 0.26171875 0.09765625 0.5234375
0 0.125 0.81640625 0.08984375 0.3671875
0 0.1171875 0.3046875 0.09765625 0.37109375
0 0.10546875 0.015625 0.0859375 0.02734375
0 0.025390625 0.26171875 0.05078125 0.5234375
0 0.03125 0.765625 0.05859375 0.46875