0 0.9609375 0.15625 0.07421875 0.2734375
0 0.9609375 0.5625 0.07421875 0.25390625
0 0.953125 0.8828125 0.09375 0.23046875
0 0.8828125 0.59765625 0.13671875 0.2578125
0 0.890625 0.22265625 0.171875 0.34375
0 0.8359375 0.90625 0.125 0.1875
0 0.77734375 0.2578125 0.1640625 0.33203125
0 0.75 0.63671875 0.14453125 0.2578125
0 0.71484375 0.92578125 0.1171875 0.1484375
0 0.63671875 0.671875 0.140625 0.25
0 0.640625 0.296875 0.17578125 0.3359375
0 0.5625 0.03125 0.08203125 0.0625
0 0.53515625 0.3359375 0.1640625 0.33984375
0 0.4453125 0.046875 0.10546875 0.09375
0 0.1171875 0.390625 0.234375 0.78125
0 0.056640625 0.640625 0.11328125 0.375