0 0.046875 0.78125 0.09375 0.3203125
0 0.046875 0.390625 0.09375 0.33203125
0 0.056640625 0.09375 0.11328125 0.18359375
0 0.078125 0.97265625 0.0859375 0.0546875
0 0.125 0.734375 0.171875 0.33984375
0 0.12890625 0.359375 0.1640625 0.328125
0 0.1953125 0.95703125 0.09375 0.0859375
0 0.1953125 0.0703125 0.12109375 0.140625
0 0.234375 0.703125 0.1796875 0.34375
0 0.265625 0.3203125 0.16015625 0.33203125
0 0.31640625 0.9375 0.109375 0.12109375
0 0.37109375 0.6640625 0.171875 0.33984375
0 0.453125 0.921875 0.1171875 0.15625