0 0.98828125 0.03515625 0.0234375 0.0703125
0 0.96875 0.34375 0.0625 0.19140625
0 0.9609375 0.7265625 0.07421875 0.2578125
0 0.921875 0.10546875 0.12890625 0.2109375
0 0.890625 0.40625 0.13671875 0.25
0 0.8671875 0.8046875 0.15234375 0.328125
0 0.80078125 0.125 0.140625 0.24609375
0 0.76171875 0.4453125 0.1328125 0.24609375
0 0.75390625 0.8359375 0.1484375 0.32421875
0 0.6640625 0.14453125 0.15234375 0.2890625
0 0.64453125 0.4765625 0.1328125 0.24609375
0 0.6328125 0.8515625 0.1484375 0.296875
0 0.546875 0.16015625 0.15234375 0.3203125
0 0.53515625 0.515625 0.1328125 0.24609375
0 0.48828125 0.875 0.1328125 0.25
0 0.43359375 0.1953125 0.1640625 0.33203125
0 0.390625 0.55859375 0.140625 0.2421875
0 0.375 0.890625 0.13671875 0.21875
0 0.28125 0.59765625 0.1328125 0.25
0 0.2890625 0.234375 0.16796875 0.32421875
0 0.25 0.90625 0.12109375 0.18359375
0 0.1640625 0.6328125 0.13671875 0.2421875
0 0.17578125 0.27734375 0.1640625 0.3359375
0 0.109375 0.9296875 0.1015625 0.140625
0 0.09375 0.01953125 0.078125 0.0390625
0 0.078125 0.359375 0.12890625 0.21484375
0 0.00390625 0.484375 0.0078125 0.0234375
0 0.046875 0.671875 0.09375 0.24609375
0 0.01953125 0.9453125 0.0390625 0.10546875