0 0.5 0.96875 0.23828125 0.0625
0 0.15625 0.96875 0.25 0.0625
0 0.9375 0.9609375 0.12109375 0.07421875
0 0.16796875 0.8203125 0.3359375 0.12890625
0 0.5625 0.81640625 0.44140625 0.125
0 0.8984375 0.8125 0.203125 0.125
0 0.1640625 0.625 0.328125 0.1328125
0 0.5625 0.62109375 0.44140625 0.1328125
0 0.8984375 0.6171875 0.203125 0.1328125
0 0.1640625 0.453125 0.328125 0.1171875
0 0.890625 0.4453125 0.21484375 0.12109375
0 0.55859375 0.4453125 0.4453125 0.125
0 0.1640625 0.23046875 0.32421875 0.125
0 0.5546875 0.23046875 0.4453125 0.1328125
0 0.890625 0.22265625 0.21875 0.125
0 0.890625 0.0078125 0.21484375 0.01171875
0 0.5546875 0.0078125 0.44140625 0.015625
0 0.1640625 0.01171875 0.32421875 0.0234375