0 0.96875 0.7890625 0.05859375 0.421875
0 0.96875 0.34375 0.0625 0.44921875
0 0.765625 0.787109375 0.12890625 0.42578125
0 0.765625 0.0078125 0.1328125 0.015625
0 0.76171875 0.34375 0.1328125 0.4453125
0 0.59375 0.787109375 0.1328125 0.42578125
0 0.5859375 0.34765625 0.12890625 0.453125
0 0.5859375 0.0078125 0.12890625 0.015625
0 0.359375 0.79296875 0.1328125 0.4140625
0 0.3515625 0.00390625 0.12890625 0.0078125
0 0.35546875 0.3515625 0.1328125 0.44921875
0 0.0859375 0.7890625 0.1328125 0.41796875
0 0.078125 0.0078125 0.12890625 0.015625
0 0.078125 0.3515625 0.1328125 0.44921875