0 0.09375 0.8125 0.1875 0.12109375
0 0.3125 0.8671875 0.62109375 0.25390625
0 0.8671875 0.69140625 0.265625 0.1484375
0 0.453125 0.6953125 0.3359375 0.15625
0 0.0703125 0.66015625 0.13671875 0.1015625
0 0.90625 0.5546875 0.1875 0.125
0 0.41015625 0.5546875 0.3203125 0.15234375
0 0.24609375 0.44140625 0.4921875 0.2109375
0 0.8828125 0.40234375 0.234375 0.140625
0 0.2265625 0.30859375 0.453125 0.2109375
0 0.8046875 0.265625 0.38671875 0.18359375
0 0.212890625 0.19921875 0.42578125 0.203125
0 0.78125 0.1328125 0.4375 0.19921875
0 0.75 0.0625 0.421875 0.125
0 0.25390625 0.07421875 0.328125 0.1484375
0 0.08984375 0.02734375 0.1796875 0.0546875