0 0.0078125 0.6875 0.01171875 0.625
0 0.0625 0.5 0.0859375 1
0 0.19921875 0.5 0.0859375 1
0 0.2890625 0.5 0.08203125 1
0 0.375 0.2578125 0.0703125 0.515625
0 0.38671875 0.7890625 0.0703125 0.421875
0 0.4609375 0.2578125 0.07421875 0.515625
0 0.4765625 0.7890625 0.06640625 0.421875
0 0.5546875 0.5 0.08203125 1
0 0.640625 0.25390625 0.0703125 0.5078125
0 0.6484375 0.7890625 0.07421875 0.41796875
0 0.73828125 0.5 0.0859375 1
0 0.81640625 0.1015625 0.0703125 0.203125
0 0.828125 0.5390625 0.07421875 0.48828125
0 0.8359375 0.93359375 0.06640625 0.1328125
0 0.91015625 0.5 0.0859375 1
0 0.98046875 0.5 0.0390625 1