0 0.08203125 0.66015625 0.125 0.4453125
0 0.078125 0.21484375 0.12890625 0.4296875
0 0.0859375 0.943359375 0.125 0.11328125
0 0.28125 0.212890625 0.12109375 0.42578125
0 0.2890625 0.943359375 0.12890625 0.11328125
0 0.28515625 0.66015625 0.1328125 0.4453125
0 0.51953125 0.2109375 0.125 0.421875
0 0.5234375 0.943359375 0.125 0.11328125
0 0.5234375 0.65234375 0.12890625 0.4453125
0 0.6953125 0.2109375 0.12109375 0.421875
0 0.6953125 0.65625 0.125 0.44921875
0 0.6953125 0.943359375 0.12890625 0.11328125
0 0.8671875 0.05078125 0.12109375 0.1015625
0 0.8671875 0.37109375 0.125 0.25
0 0.875 0.9921875 0.125 0.01171875
0 0.875 0.73046875 0.12890625 0.25
0 0.99609375 0.943359375 0.0078125 0.11328125
0 0.99609375 0.640625 0.0078125 0.44921875
0 0.9921875 0.203125 0.015625 0.40625