0 0.025390625 0.1875 0.05078125 0.375
0 0.03125 0.9140625 0.05859375 0.16796875
0 0.03125 0.6015625 0.05859375 0.4453125
0 0.22265625 0.1875 0.1328125 0.37109375
0 0.23046875 0.9140625 0.1328125 0.171875
0 0.2265625 0.6015625 0.13671875 0.4453125
0 0.421875 0.181640625 0.19140625 0.36328125
0 0.4296875 0.59375 0.19140625 0.44921875
0 0.43359375 0.9140625 0.1875 0.16796875
0 0.6796875 0.181640625 0.12890625 0.36328125
0 0.6875 0.912109375 0.12890625 0.17578125
0 0.6796875 0.59375 0.13671875 0.4453125
0 0.943359375 0.912109375 0.11328125 0.17578125
0 0.94140625 0.59375 0.1171875 0.44921875
0 0.9375 0.18359375 0.125 0.3671875