0 0.00390625 0.9921875 0.0078125 0.015625
0 0.0078125 0.0234375 0.015625 0.046875
0 0.03125 0.6875 0.0625 0.21875
0 0.04296875 0.18359375 0.0859375 0.21875
0 0.0859375 0.015625 0.08203125 0.02734375
0 0.0703125 0.90625 0.12890625 0.1875
0 0.08984375 0.40625 0.125 0.21875
0 0.1328125 0.1484375 0.140625 0.22265625
0 0.15625 0.640625 0.1328125 0.22265625
0 0.203125 0.375 0.125 0.21484375
0 0.2265625 0.8671875 0.13671875 0.21484375
0 0.28515625 0.9921875 0.0546875 0.015625
0 0.2734375 0.6015625 0.12890625 0.21484375
0 0.29296875 0.10546875 0.140625 0.2109375
0 0.3359375 0.828125 0.1328125 0.20703125
0 0.3671875 0.3203125 0.12109375 0.21484375
0 0.38671875 0.974609375 0.09375 0.05078125
0 0.40625 0.0859375 0.12890625 0.16796875
0 0.4296875 0.5546875 0.12890625 0.21875
0 0.47265625 0.28125 0.1171875 0.2109375
0 0.5 0.78125 0.11328125 0.20703125
0 0.55859375 0.96875 0.09375 0.0625
0 0.5390625 0.515625 0.1328125 0.22265625
0 0.57421875 0.0625 0.1171875 0.125
0 0.609375 0.75 0.125 0.21875
0 0.6328125 0.234375 0.125 0.20703125
0 0.66796875 0.9296875 0.1171875 0.13671875
0 0.69140625 0.04296875 0.109375 0.0859375
0 0.69921875 0.46875 0.125 0.22265625
0 0.74609375 0.203125 0.125 0.2109375
0 0.765625 0.703125 0.12890625 0.21484375
0 0.81640625 0.4375 0.125 0.21875
0 0.83203125 0.02734375 0.09375 0.0546875
0 0.8359375 0.90625 0.12890625 0.18359375
0 0.8671875 0.671875 0.12109375 0.21484375
0 0.87890625 0.1640625 0.1171875 0.20703125
0 0.93359375 0.0078125 0.0625 0.015625
0 0.953125 0.9296875 0.08984375 0.140625
0 0.99609375 0.28125 0.0078125 0.02734375
0 0.9609375 0.1328125 0.07421875 0.2109375