0 0.974609375 0.421875 0.05078125 0.16796875
0 0.9375 0.8359375 0.125 0.22265625
0 0.921875 0.1640625 0.15234375 0.328125
0 0.8515625 0.5546875 0.16796875 0.33203125
0 0.74609375 0.21484375 0.1640625 0.328125
0 0.75 0.6328125 0.1875 0.41015625
0 0.68359375 0.015625 0.0859375 0.03125
0 0.6328125 0.25 0.171875 0.33203125
0 0.625 0.625 0.16796875 0.33984375
0 0.56640625 0.0390625 0.09375 0.07421875
0 0.515625 0.28125 0.1640625 0.33984375
0 0.4453125 0.0546875 0.10546875 0.10546875
0 0.42578125 0.6875 0.1640625 0.3359375
0 0.3203125 0.72265625 0.16015625 0.328125
0 0.31640625 0.3359375 0.171875 0.33203125
0 0.234375 0.0859375 0.12109375 0.16796875
0 0.203125 0.375 0.17578125 0.33984375
0 0.11328125 0.10546875 0.1328125 0.2109375
0 0.025390625 0.89453125 0.05078125 0.1875