0 0.9765625 0.84375 0.04296875 0.1328125
0 0.9609375 0.6953125 0.078125 0.14453125
0 0.9375 0.5390625 0.125 0.16015625
0 0.9140625 0.39453125 0.171875 0.1796875
0 0.859375 0.9765625 0.14453125 0.046875
0 0.890625 0.2421875 0.21875 0.19140625
0 0.8671875 0.1015625 0.26171875 0.19140625
0 0.8125 0.02734375 0.19140625 0.0546875
0 0.78125 0.90625 0.26953125 0.1875
0 0.734375 0.765625 0.26953125 0.19140625
0 0.6953125 0.62109375 0.26171875 0.1953125
0 0.6484375 0.484375 0.26171875 0.1875
0 0.60546875 0.33984375 0.265625 0.1953125
0 0.5625 0.1953125 0.26953125 0.19921875
0 0.515625 0.078125 0.265625 0.15234375
0 0.3828125 0.00390625 0.01171875 0.0078125