0 0.4140625 0.97265625 0.828125 0.0546875
0 0.4140625 0.890625 0.828125 0.08203125
0 0.25 0.7578125 0.49609375 0.078125
0 0.69921875 0.75390625 0.2578125 0.078125
0 0.4140625 0.6640625 0.82421875 0.0859375
0 0.0546875 0.578125 0.10546875 0.06640625
0 0.515625 0.578125 0.61328125 0.08203125
0 0.0546875 0.4921875 0.109375 0.0703125
0 0.515625 0.484375 0.61328125 0.07421875
0 0.41015625 0.3984375 0.8203125 0.08203125
0 0.41015625 0.30859375 0.8203125 0.078125
0 0.12109375 0.2265625 0.2421875 0.0703125
0 0.59375 0.21875 0.44921875 0.06640625
0 0.17578125 0.13671875 0.3515625 0.0703125
0 0.640625 0.1328125 0.31640625 0.0703125
0 0.3984375 0.046875 0.796875 0.07421875