0 0.66015625 0.98046875 0.1328125 0.03125
0 0.90234375 0.93359375 0.1953125 0.125
0 0.6015625 0.90625 0.17578125 0.11328125
0 0.87109375 0.8203125 0.2109375 0.125
0 0.5703125 0.7890625 0.171875 0.11328125
0 0.8359375 0.70703125 0.20703125 0.1328125
0 0.53125 0.65625 0.17578125 0.1171875
0 0.796875 0.5703125 0.20703125 0.12890625
0 0.421875 0.5625 0.32421875 0.16015625
0 0.76171875 0.4609375 0.203125 0.12109375
0 0.4609375 0.43359375 0.171875 0.1171875
0 0.7265625 0.34765625 0.20703125 0.125
0 0.421875 0.30078125 0.18359375 0.109375
0 0.6875 0.2109375 0.203125 0.12890625
0 0.38671875 0.1875 0.171875 0.1171875
0 0.6484375 0.09765625 0.20703125 0.125
0 0.3515625 0.0703125 0.16796875 0.11328125
0 0.59375 0.0234375 0.16015625 0.04296875