0 0.1953125 0.88671875 0.390625 0.125
0 0.9296875 0.87890625 0.140625 0.125
0 0.625 0.8828125 0.453125 0.1328125
0 0.1953125 0.61328125 0.390625 0.1328125
0 0.92578125 0.60546875 0.1484375 0.125
0 0.62109375 0.609375 0.4453125 0.1328125
0 0.1953125 0.4375 0.390625 0.12109375
0 0.6171875 0.4375 0.44921875 0.125
0 0.92578125 0.43359375 0.1484375 0.125
0 0.1953125 0.21484375 0.38671875 0.1328125
0 0.62109375 0.2109375 0.4453125 0.12890625
0 0.92578125 0.203125 0.1484375 0.12890625
0 0.921875 0.015625 0.15234375 0.03125
0 0.6171875 0.01953125 0.4453125 0.0390625
0 0.19140625 0.0234375 0.3828125 0.04296875