0 0.025390625 0.625 0.05078125 0.1640625
0 0.0546875 0.83984375 0.109375 0.2109375
0 0.09375 0.98046875 0.0859375 0.0390625
0 0.46875 0.15625 0.16015625 0.3125
0 0.5546875 0.43359375 0.1328125 0.2109375
0 0.625 0.65625 0.1328125 0.2109375
0 0.62109375 0.1328125 0.1484375 0.26171875
0 0.703125 0.38671875 0.13671875 0.21875
0 0.74609375 0.11328125 0.140625 0.2265625
0 0.7734375 0.609375 0.12890625 0.203125
0 0.8203125 0.35546875 0.13671875 0.21875
0 0.859375 0.8671875 0.16015625 0.26171875
0 0.890625 0.578125 0.12890625 0.19921875
0 0.9453125 0.8515625 0.10546875 0.296875