0 0.953125 0.984375 0.09375 0.03125
0 0.58984375 0.96875 0.21875 0.0625
0 0.2109375 0.9609375 0.24609375 0.078125
0 0.8671875 0.921875 0.265625 0.15625
0 0.51171875 0.90234375 0.3203125 0.1640625
0 0.140625 0.859375 0.28125 0.16796875
0 0.84375 0.79296875 0.30859375 0.1640625
0 0.4609375 0.7578125 0.32421875 0.16015625
0 0.8125 0.6484375 0.33203125 0.171875
0 0.99609375 0.5859375 0.0078125 0.0625
0 0.4296875 0.640625 0.32421875 0.171875
0 0.7734375 0.5390625 0.33203125 0.16796875
0 0.390625 0.52734375 0.3203125 0.15625
0 0.9765625 0.46875 0.046875 0.08203125
0 0.7421875 0.42578125 0.33203125 0.1640625
0 0.359375 0.41015625 0.3125 0.15625
0 0.9609375 0.35546875 0.078125 0.09375
0 0.703125 0.30078125 0.328125 0.171875
0 0.3203125 0.2890625 0.3203125 0.16015625
0 0.94140625 0.2265625 0.1171875 0.09765625
0 0.92578125 0.109375 0.1484375 0.11328125
0 0.03515625 0.09375 0.0703125 0.08984375
0 0.912109375 0.025390625 0.17578125 0.05078125
0 0.16796875 0.0546875 0.171875 0.109375
0 0.015625 0.0078125 0.02734375 0.015625