0 0.99609375 0.75 0.0078125 0.01953125
0 0.98046875 0.9921875 0.0390625 0.01171875
0 0.9375 0.5390625 0.12109375 0.3203125
0 0.9375 0.86328125 0.12109375 0.21875
0 0.859375 0.19921875 0.15625 0.3203125
0 0.7890625 0.0078125 0.03515625 0.01171875
0 0.8515625 0.5703125 0.16796875 0.3203125
0 0.828125 0.8984375 0.12890625 0.203125
0 0.74609375 0.23046875 0.1484375 0.3203125
0 0.73046875 0.60546875 0.1640625 0.328125
0 0.6796875 0.025390625 0.08203125 0.05078125
0 0.6953125 0.9140625 0.12109375 0.171875
0 0.6328125 0.265625 0.15625 0.3203125
0 0.61328125 0.640625 0.1640625 0.3125
0 0.58203125 0.93359375 0.109375 0.1328125
0 0.5625 0.04296875 0.09765625 0.0859375
0 0.5078125 0.3046875 0.15234375 0.31640625
0 0.46484375 0.953125 0.09375 0.09375
0 0.5 0.6796875 0.171875 0.31640625
0 0.4375 0.0625 0.10546875 0.125
0 0.3984375 0.33984375 0.15625 0.3203125
0 0.390625 0.71484375 0.1640625 0.328125
0 0.30859375 0.97265625 0.0859375 0.0546875
0 0.3203125 0.078125 0.12109375 0.15625
0 0.28515625 0.375 0.15625 0.31640625
0 0.23828125 0.7578125 0.1640625 0.32421875
0 0.1875 0.98828125 0.07421875 0.0234375
0 0.19921875 0.09765625 0.125 0.1953125
0 0.13671875 0.421875 0.15625 0.31640625
0 0.125 0.7890625 0.16796875 0.32421875
0 0.056640625 0.119140625 0.11328125 0.23828125
0 0.00390625 0.25 0.0078125 0.01171875
0 0.05078125 0.453125 0.1015625 0.31640625
0 0.046875 0.84375 0.09375 0.30078125