0 0.9140625 0.48046875 0.08984375 0.9609375
0 0.828125 0.48046875 0.0859375 0.9609375
0 0.74609375 0.89453125 0.078125 0.1328125
0 0.73828125 0.5 0.0859375 0.52734375
0 0.73046875 0.0859375 0.078125 0.16796875
0 0.6484375 0.484375 0.08203125 0.96484375
0 0.55859375 0.484375 0.0859375 0.96484375
0 0.45703125 0.484375 0.0859375 0.96484375
0 0.375 0.8828125 0.078125 0.1640625
0 0.3671875 0.3828125 0.08203125 0.765625
0 0.28515625 0.8046875 0.078125 0.32421875
0 0.27734375 0.265625 0.0859375 0.53125
0 0.19140625 0.484375 0.0859375 0.96484375
0 0.1015625 0.484375 0.08984375 0.96484375
0 0.00390625 0.8046875 0.0078125 0.33203125