0 0.171875 0.943359375 0.328125 0.11328125
0 0.15625 0.8828125 0.3125 0.1640625
0 0.515625 0.8515625 0.33984375 0.17578125
0 0.84375 0.75390625 0.30859375 0.1640625
0 0.1171875 0.6015625 0.234375 0.14453125
0 0.4140625 0.51171875 0.33203125 0.171875
0 0.09375 0.48828125 0.1875 0.125
0 0.75 0.40625 0.328125 0.1484375
0 0.375 0.3984375 0.33203125 0.17578125
0 0.08203125 0.3671875 0.1640625 0.12109375
0 0.9609375 0.34375 0.07421875 0.09375
0 0.7109375 0.2890625 0.33203125 0.16015625
0 0.3359375 0.28125 0.33203125 0.17578125
0 0.0625 0.25 0.125 0.109375
0 0.9453125 0.2265625 0.109375 0.109375
0 0.6796875 0.1796875 0.33203125 0.1640625
0 0.3046875 0.171875 0.3359375 0.1640625
0 0.91796875 0.05078125 0.1640625 0.1015625
0 0.64453125 0.0703125 0.328125 0.140625