0 0.21875 0.0078125 0.4375 0.015625
0 0.21875 0.09765625 0.4375 0.140625
0 0.22265625 0.2421875 0.4453125 0.14453125
0 0.2265625 0.38671875 0.44921875 0.1484375
0 0.2265625 0.53125 0.453125 0.14453125
0 0.234375 0.6796875 0.44921875 0.140625
0 0.234375 0.82421875 0.44921875 0.140625
0 0.2421875 0.94921875 0.4453125 0.1015625
0 0.59375 0.00390625 0.28515625 0.0078125
0 0.7421875 0.943359375 0.515625 0.11328125
0 0.7421875 0.8125 0.515625 0.140625
0 0.734375 0.671875 0.52734375 0.14453125
0 0.734375 0.5234375 0.53125 0.14453125
0 0.73046875 0.37890625 0.5390625 0.1484375
0 0.7265625 0.234375 0.54296875 0.14453125
0 0.7265625 0.08203125 0.546875 0.1484375