0 0.9609375 0.48828125 0.078125 0.9765625
0 0.8671875 0.48828125 0.0859375 0.9765625
0 0.78515625 0.9140625 0.078125 0.12890625
0 0.78125 0.51953125 0.0859375 0.53125
0 0.7734375 0.09375 0.078125 0.1875
0 0.6875 0.4921875 0.08203125 0.98046875
0 0.6015625 0.4921875 0.0859375 0.98046875
0 0.5 0.4921875 0.0859375 0.984375
0 0.4140625 0.8984375 0.08203125 0.16796875
0 0.41015625 0.390625 0.0859375 0.78125
0 0.328125 0.8203125 0.078125 0.33203125
0 0.3203125 0.28125 0.0859375 0.5625
0 0.234375 0.494140625 0.08203125 0.98828125
0 0.1484375 0.494140625 0.08984375 0.98828125
0 0.0234375 0.328125 0.04296875 0.65234375
0 0.0234375 0.890625 0.046875 0.21484375