0 0.77734375 0.9609375 0.2421875 0.07421875
0 0.953125 0.9375 0.09375 0.10546875
0 0.69921875 0.890625 0.3359375 0.17578125
0 0.93359375 0.8203125 0.1328125 0.11328125
0 0.6640625 0.77734375 0.33984375 0.171875
0 0.91796875 0.6953125 0.1640625 0.1171875
0 0.6171875 0.640625 0.33203125 0.171875
0 0.5859375 0.5390625 0.33984375 0.16796875
0 0.880859375 0.4453125 0.23828125 0.13671875
0 0.5546875 0.421875 0.33203125 0.16796875
0 0.5234375 0.3359375 0.33984375 0.17578125
0 0.4921875 0.21875 0.3359375 0.1796875
0 0.7890625 0.12109375 0.25390625 0.1484375
0 0.4609375 0.1015625 0.33984375 0.171875
0 0.375 0.0390625 0.24609375 0.07421875