0 0.921875 0.890625 0.09765625 0.21875
0 0.8984375 0.01171875 0.08984375 0.0234375
0 0.91015625 0.40234375 0.109375 0.7265625
0 0.796875 0.8203125 0.08984375 0.359375
0 0.78125 0.046875 0.08203125 0.08984375
0 0.7890625 0.4140625 0.09765625 0.36328125
0 0.6953125 0.890625 0.09765625 0.21875
0 0.6796875 0.40625 0.09765625 0.73046875
0 0.671875 0.015625 0.0859375 0.02734375
0 0.578125 0.890625 0.08984375 0.21484375
0 0.5703125 0.40625 0.09765625 0.72265625
0 0.55859375 0.015625 0.0859375 0.02734375
0 0.4609375 0.82421875 0.0859375 0.3515625
0 0.453125 0.4140625 0.09375 0.359375
0 0.44140625 0.046875 0.0859375 0.09375
0 0.35546875 0.8984375 0.0859375 0.203125
0 0.34765625 0.4140625 0.1015625 0.72265625
0 0.3359375 0.015625 0.0859375 0.03125
0 0.2109375 0.8984375 0.08984375 0.203125
0 0.1953125 0.01953125 0.08203125 0.0390625
0 0.203125 0.41796875 0.1015625 0.7265625
0 0.1015625 0.828125 0.08984375 0.34375
0 0.09375 0.4296875 0.09765625 0.3671875
0 0.0859375 0.0546875 0.08984375 0.109375
0 0.0078125 0.0234375 0.015625 0.04296875
0 0.015625 0.421875 0.03125 0.72265625
0 0.01953125 0.8984375 0.0390625 0.203125