0 0.37890625 0.953125 0.7265625 0.08984375
0 0.875 0.9453125 0.24609375 0.09375
0 0.25 0.8359375 0.36328125 0.08984375
0 0.765625 0.828125 0.36328125 0.08984375
0 0.375 0.7265625 0.7265625 0.09765625
0 0.875 0.71875 0.24609375 0.0859375
0 0.37109375 0.6171875 0.7265625 0.08984375
0 0.875 0.6015625 0.25 0.08984375
0 0.2421875 0.5 0.36328125 0.09765625
0 0.75390625 0.4921875 0.3671875 0.08984375
0 0.3671875 0.390625 0.73046875 0.09375
0 0.875 0.37890625 0.25 0.0859375
0 0.3671875 0.25 0.73046875 0.09375
0 0.87109375 0.2421875 0.2578125 0.0859375
0 0.234375 0.140625 0.37109375 0.08984375
0 0.7421875 0.1328125 0.3671875 0.09375
0 0.8671875 0.03125 0.26171875 0.0625
0 0.359375 0.0390625 0.71875 0.078125