0 0.5546875 0.984375 0.11328125 0.03125
0 0.1640625 0.97265625 0.16796875 0.0546875
0 0.83203125 0.953125 0.328125 0.09375
0 0.4296875 0.921875 0.328125 0.15234375
0 0.109375 0.90625 0.21875 0.13671875
0 0.7890625 0.87109375 0.3359375 0.1640625
0 0.984375 0.80859375 0.0234375 0.078125
0 0.09375 0.7890625 0.1875 0.1328125
0 0.75390625 0.7578125 0.328125 0.171875
0 0.96875 0.68359375 0.05859375 0.0859375
0 0.359375 0.703125 0.32421875 0.1796875
0 0.078125 0.671875 0.15234375 0.12109375
0 0.7109375 0.62109375 0.3359375 0.171875
0 0.328125 0.59375 0.33203125 0.16796875
0 0.0625 0.546875 0.12109375 0.10546875
0 0.9453125 0.546875 0.10546875 0.109375
0 0.671875 0.515625 0.33203125 0.16796875
0 0.04296875 0.43359375 0.0859375 0.1015625
0 0.9296875 0.421875 0.1328125 0.11328125
0 0.64453125 0.39453125 0.3359375 0.171875
0 0.26171875 0.359375 0.3359375 0.171875
0 0.91015625 0.30859375 0.171875 0.125
0 0.6015625 0.25390625 0.328125 0.171875
0 0.890625 0.1640625 0.21484375 0.140625