0 0.96484375 0.98828125 0.0703125 0.0234375
0 0.65625 0.96875 0.19140625 0.0625
0 0.2734375 0.9609375 0.2578125 0.07421875
0 0.89453125 0.921875 0.2109375 0.12890625
0 0.59375 0.890625 0.25 0.13671875
0 0.1953125 0.8671875 0.328125 0.15234375
0 0.875 0.80078125 0.24609375 0.140625
0 0.5546875 0.76171875 0.24609375 0.1328125
0 0.1640625 0.75390625 0.32421875 0.1484375
0 0.85546875 0.6640625 0.2890625 0.15234375
0 0.5234375 0.64453125 0.24609375 0.1328125
0 0.1484375 0.6328125 0.296875 0.1484375
0 0.83984375 0.546875 0.3203125 0.15234375
0 0.484375 0.53515625 0.24609375 0.1328125
0 0.125 0.48828125 0.25 0.1328125
0 0.8046875 0.43359375 0.33203125 0.1640625
0 0.44140625 0.390625 0.2421875 0.140625
0 0.109375 0.375 0.21875 0.13671875
0 0.40234375 0.28125 0.25 0.1328125
0 0.765625 0.2890625 0.32421875 0.16796875
0 0.09375 0.25 0.18359375 0.12109375
0 0.3671875 0.1640625 0.2421875 0.13671875
0 0.72265625 0.17578125 0.3359375 0.1640625
0 0.0703125 0.109375 0.140625 0.1015625
0 0.98046875 0.09375 0.0390625 0.078125
0 0.640625 0.078125 0.21484375 0.12890625
0 0.515625 0.00390625 0.0234375 0.0078125
0 0.328125 0.046875 0.24609375 0.09375
0 0.0546875 0.01953125 0.10546875 0.0390625