0 0.421875 0.0234375 0.08203125 0.04296875
0 0.46875 0.15625 0.140625 0.21875
0 0.5390625 0.38671875 0.12109375 0.2109375
0 0.58203125 0.1171875 0.1328125 0.22265625
0 0.609375 0.609375 0.13671875 0.22265625
0 0.65234375 0.35546875 0.125 0.2109375
0 0.6796875 0.8359375 0.125 0.2109375
0 0.71875 0.98046875 0.08984375 0.0390625
0 0.71875 0.57421875 0.1328125 0.21875
0 0.7890625 0.08203125 0.12109375 0.1640625
0 0.79296875 0.8046875 0.1328125 0.21875
0 0.84375 0.9609375 0.1015625 0.078125
0 0.859375 0.2890625 0.12109375 0.2109375
0 0.91015625 0.06640625 0.109375 0.1328125
0 0.92578125 0.515625 0.125 0.21875
0 0.96484375 0.7421875 0.0703125 0.21484375
0 0.98828125 0.421875 0.0234375 0.08203125
0 0.953125 0.25390625 0.09375 0.2109375