0 0.015625 0.5546875 0.03125 0.11328125
0 0.02734375 0.1640625 0.0546875 0.16796875
0 0.046875 0.83203125 0.09375 0.328125
0 0.078125 0.4296875 0.15234375 0.328125
0 0.09375 0.109375 0.13671875 0.21875
0 0.12890625 0.7890625 0.1640625 0.3359375
0 0.19140625 0.984375 0.078125 0.0234375
0 0.2109375 0.09375 0.1328125 0.1875
0 0.2421875 0.75390625 0.171875 0.328125
0 0.31640625 0.96875 0.0859375 0.05859375
0 0.296875 0.359375 0.1796875 0.32421875
0 0.328125 0.078125 0.12109375 0.15234375
0 0.37890625 0.7109375 0.171875 0.3359375
0 0.40625 0.328125 0.16796875 0.33203125
0 0.453125 0.0625 0.10546875 0.12109375
0 0.453125 0.9453125 0.109375 0.10546875
0 0.484375 0.671875 0.16796875 0.33203125
0 0.56640625 0.04296875 0.1015625 0.0859375
0 0.578125 0.9296875 0.11328125 0.1328125
0 0.60546875 0.64453125 0.171875 0.3359375
0 0.640625 0.26171875 0.171875 0.3359375
0 0.69140625 0.91015625 0.125 0.171875
0 0.74609375 0.6015625 0.171875 0.328125
0 0.8359375 0.890625 0.140625 0.21484375