0 0.8671875 0.7734375 0.09765625 0.44921875
0 0.859375 0.421875 0.09765625 0.24609375
0 0.7578125 0.87109375 0.0859375 0.2578125
0 0.75 0.5390625 0.08984375 0.2421875
0 0.64453125 0.78125 0.09375 0.4375
0 0.63671875 0.41796875 0.0859375 0.2421875
0 0.5234375 0.41796875 0.08203125 0.2421875
0 0.53125 0.78125 0.09375 0.4375
0 0.421875 0.875 0.08203125 0.25
0 0.4140625 0.54296875 0.078125 0.25
0 0.30859375 0.78125 0.09375 0.43359375
0 0.30078125 0.4296875 0.0859375 0.25
0 0.171875 0.78125 0.08984375 0.43359375
0 0.1640625 0.43359375 0.0859375 0.25
0 0.0625 0.87890625 0.08984375 0.2421875
0 0.0546875 0.5546875 0.08203125 0.25