0 0.51171875 0.9609375 0.9765625 0.078125
0 0.51171875 0.8671875 0.9765625 0.0859375
0 0.0859375 0.78515625 0.12890625 0.078125
0 0.48046875 0.78125 0.53125 0.0859375
0 0.90625 0.7734375 0.1875 0.078125
0 0.5078125 0.6875 0.98046875 0.08203125
0 0.5078125 0.6015625 0.98046875 0.0859375
0 0.5078125 0.5 0.984375 0.0859375
0 0.1015625 0.4140625 0.16796875 0.08203125
0 0.609375 0.41015625 0.78125 0.0859375
0 0.1796875 0.328125 0.33203125 0.078125
0 0.71875 0.3203125 0.5625 0.0859375
0 0.505859375 0.234375 0.98828125 0.08203125
0 0.505859375 0.1484375 0.98828125 0.08984375
0 0.671875 0.0234375 0.65234375 0.04296875
0 0.109375 0.0234375 0.21484375 0.046875