0 0.943359375 0.6171875 0.11328125 0.44921875
0 0.943359375 0.921875 0.11328125 0.15234375
0 0.9375 0.1953125 0.12109375 0.390625
0 0.75 0.9296875 0.12109375 0.140625
0 0.75 0.625 0.12109375 0.44921875
0 0.7421875 0.1953125 0.125 0.390625
0 0.515625 0.9296875 0.1171875 0.140625
0 0.515625 0.62890625 0.12109375 0.4453125
0 0.5078125 0.19921875 0.1171875 0.3984375
0 0.34375 0.94140625 0.12109375 0.1171875
0 0.3359375 0.6484375 0.1171875 0.4453125
0 0.33203125 0.20703125 0.125 0.4140625
0 0.171875 0.9453125 0.12109375 0.109375
0 0.171875 0.65234375 0.125 0.25
0 0.15625 0.2421875 0.12109375 0.20703125
0 0.0234375 0.2109375 0.04296875 0.421875
0 0.025390625 0.65625 0.05078125 0.4453125
0 0.02734375 0.9453125 0.0546875 0.10546875