0 0.2109375 0.96875 0.421875 0.05859375
0 0.65625 0.96875 0.44921875 0.0625
0 0.212890625 0.765625 0.42578125 0.12890625
0 0.9921875 0.765625 0.015625 0.1328125
0 0.65625 0.76171875 0.4453125 0.1328125
0 0.212890625 0.59375 0.42578125 0.1328125
0 0.65234375 0.5859375 0.453125 0.12890625
0 0.9921875 0.5859375 0.015625 0.12890625
0 0.20703125 0.359375 0.4140625 0.1328125
0 0.99609375 0.3515625 0.0078125 0.12890625
0 0.6484375 0.35546875 0.44921875 0.1328125
0 0.2109375 0.0859375 0.41796875 0.1328125
0 0.9921875 0.078125 0.015625 0.12890625
0 0.6484375 0.078125 0.44921875 0.1328125