0 0.12890625 0.2421875 0.09375 0.48046875
0 0.140625 0.703125 0.0859375 0.37109375
0 0.1484375 0.98046875 0.08203125 0.0390625
0 0.234375 0.23828125 0.09375 0.4765625
0 0.24609375 0.6953125 0.09375 0.37109375
0 0.2578125 0.9765625 0.08203125 0.04296875
0 0.34375 0.1171875 0.08203125 0.12890625
0 0.453125 0.234375 0.08984375 0.46875
0 0.4609375 0.9765625 0.08203125 0.046875
0 0.4609375 0.69140625 0.08984375 0.3671875
0 0.61328125 0.234375 0.09375 0.46484375
0 0.62109375 0.6875 0.09375 0.3671875
0 0.6328125 0.974609375 0.08984375 0.05078125
0 0.7265625 0.10546875 0.07421875 0.125
0 0.828125 0.23046875 0.09375 0.4609375
0 0.84375 0.97265625 0.0859375 0.0546875
0 0.83984375 0.68359375 0.09375 0.3671875
0 0.9375 0.2265625 0.09765625 0.453125
0 0.94921875 0.97265625 0.0859375 0.0546875
0 0.9453125 0.6796875 0.09375 0.3671875