0 0.01953125 0.3828125 0.0390625 0.125
0 0.03125 0.0546875 0.05859375 0.10546875
0 0.05859375 0.59765625 0.1171875 0.2109375
0 0.0859375 0.296875 0.140625 0.24609375
0 0.1328125 0.03125 0.08203125 0.05859375
0 0.171875 0.58203125 0.14453125 0.25
0 0.203125 0.2578125 0.13671875 0.24609375
0 0.2734375 0.015625 0.06640625 0.02734375
0 0.2890625 0.546875 0.13671875 0.25390625
0 0.3359375 0.21875 0.12890625 0.24609375
0 0.421875 0.50390625 0.13671875 0.2578125
0 0.44921875 0.1875 0.125 0.24609375
0 0.53515625 0.46875 0.125 0.25
0 0.5625 0.1484375 0.13671875 0.25390625
0 0.66015625 0.4765625 0.15625 0.33203125
0 0.6953125 0.11328125 0.13671875 0.2265625
0 0.7734375 0.828125 0.13671875 0.2421875
0 0.8359375 0.99609375 0.02734375 0.0078125
0 0.79296875 0.4296875 0.15625 0.33203125
0 0.8984375 0.7890625 0.140625 0.25
0 0.9609375 0.974609375 0.078125 0.05078125
0 0.984375 0.24609375 0.03125 0.109375
0 0.953125 0.0703125 0.09375 0.140625