0 0.80859375 0.953125 0.25 0.09375
0 0.4140625 0.943359375 0.33984375 0.11328125
0 0.984375 0.9140625 0.03125 0.07421875
0 0.078125 0.9296875 0.15625 0.11328125
0 0.7734375 0.859375 0.25390625 0.12890625
0 0.96875 0.796875 0.0625 0.08203125
0 0.37109375 0.8359375 0.3359375 0.16015625
0 0.734375 0.72265625 0.25390625 0.1328125
0 0.046875 0.671875 0.08984375 0.09765625
0 0.9453125 0.65625 0.109375 0.1015625
0 0.30078125 0.5859375 0.3359375 0.16015625
0 0.0234375 0.5390625 0.046875 0.08203125
0 0.0078125 0.4375 0.015625 0.05078125
0 0.65234375 0.46875 0.2578125 0.13671875
0 0.2578125 0.46875 0.33984375 0.16015625
0 0.90625 0.39453125 0.1875 0.125
0 0.22265625 0.35546875 0.34375 0.1640625
0 0.08984375 0.03125 0.1796875 0.05859375