0 0.7265625 0.6640625 0.078125 0.65234375
0 0.7109375 0.1171875 0.07421875 0.234375
0 0.63671875 0.671875 0.0859375 0.65625
0 0.625 0.119140625 0.07421875 0.23828125
0 0.546875 0.671875 0.08203125 0.65625
0 0.53125 0.119140625 0.07421875 0.23828125
0 0.4609375 0.671875 0.078125 0.65625
0 0.453125 0.12109375 0.08203125 0.2421875
0 0.37109375 0.671875 0.078125 0.65625
0 0.359375 0.125 0.08203125 0.24609375
0 0.28125 0.671875 0.078125 0.65625
0 0.265625 0.125 0.06640625 0.25
0 0.19140625 0.671875 0.078125 0.65625
0 0.18359375 0.06640625 0.0703125 0.1328125
0 0.10546875 0.8125 0.0703125 0.375
0 0.1015625 0.44921875 0.06640625 0.203125
0 0.09375 0.0703125 0.06640625 0.13671875
0 0.015625 0.125 0.03125 0.24609375
0 0.02734375 0.671875 0.0546875 0.65234375