0 0.94140625 0.953125 0.1171875 0.08984375
0 0.92578125 0.84375 0.1484375 0.1171875
0 0.90234375 0.703125 0.1953125 0.12890625
0 0.890625 0.58984375 0.21875 0.1484375
0 0.19140625 0.5546875 0.3359375 0.14453125
0 0.5390625 0.453125 0.2890625 0.14453125
0 0.1640625 0.4453125 0.32421875 0.1640625
0 0.85546875 0.3515625 0.2890625 0.15625
0 0.5 0.3359375 0.29296875 0.16015625
0 0.1328125 0.28515625 0.265625 0.1484375
0 0.45703125 0.1796875 0.2890625 0.1484375
0 0.12109375 0.1640625 0.2421875 0.14453125
0 0.80078125 0.12109375 0.3359375 0.1640625
0 0.984375 0.0625 0.02734375 0.078125
0 0.75 0.046875 0.30859375 0.08984375
0 0.421875 0.0703125 0.28515625 0.140625
0 0.09375 0.03125 0.1875 0.0625