0 0.015625 0.1953125 0.03125 0.12890625
0 0.015625 0.0546875 0.03125 0.109375
0 0.015625 0.484375 0.03125 0.12890625
0 0.015625 0.33984375 0.03125 0.1328125
0 0.01953125 0.6328125 0.0390625 0.12890625
0 0.0234375 0.9296875 0.04296875 0.1328125
0 0.0234375 0.78125 0.04296875 0.12890625
0 0.5 0.1796875 0.8828125 0.15234375
0 0.5 0.0546875 0.88671875 0.10546875
0 0.5 0.328125 0.88671875 0.15234375
0 0.5078125 0.4765625 0.88671875 0.140625
0 0.5078125 0.625 0.88671875 0.15625
0 0.515625 0.9140625 0.88671875 0.15234375
0 0.51171875 0.7734375 0.890625 0.15234375
0 0.98828125 0.9921875 0.0234375 0.01171875
0 0.98828125 0.90625 0.0234375 0.1328125
0 0.984375 0.7578125 0.02734375 0.1328125
0 0.984375 0.609375 0.02734375 0.12890625
0 0.984375 0.46484375 0.03125 0.125
0 0.984375 0.3203125 0.03125 0.12890625
0 0.984375 0.16796875 0.03125 0.1328125
0 0.984375 0.046875 0.03125 0.08984375