0 0.8359375 0.97265625 0.19140625 0.0546875
0 0.99609375 0.93359375 0.0078125 0.0234375
0 0.5234375 0.890625 0.7578125 0.21875
0 0.97265625 0.8125 0.0546875 0.13671875
0 0.4296875 0.80078125 0.859375 0.3984375
0 0.9453125 0.640625 0.109375 0.19140625
0 0.40234375 0.6171875 0.8046875 0.35546875
0 0.921875 0.4609375 0.15234375 0.16015625
0 0.37890625 0.453125 0.7578125 0.37890625
0 0.8984375 0.2890625 0.203125 0.2265625
0 0.3515625 0.265625 0.703125 0.328125
0 0.87109375 0.1015625 0.2578125 0.19140625
0 0.8203125 0.03125 0.20703125 0.05859375
0 0.328125 0.13671875 0.65625 0.2734375