0 0.890625 0.33984375 0.1328125 0.4453125
0 0.890625 0.78515625 0.13671875 0.4296875
0 0.8828125 0.0546875 0.125 0.109375
0 0.6484375 0.7890625 0.203125 0.421875
0 0.640625 0.056640625 0.1953125 0.11328125
0 0.64453125 0.3515625 0.203125 0.44921875
0 0.44140625 0.5 0.078125 1
0 0.1015625 0.0546875 0.19921875 0.109375
0 0.12109375 0.2109375 0.2421875 0.13671875
0 0.125 0.40625 0.24609375 0.13671875
0 0.125 0.57421875 0.25 0.140625
0 0.1015625 0.76953125 0.203125 0.140625
0 0.125 0.93359375 0.25 0.1328125