0 0.015625 0.9609375 0.02734375 0.078125
0 0.03515625 0.640625 0.0703125 0.22265625
0 0.05078125 0.25 0.1015625 0.2890625
0 0.0859375 0.890625 0.1328125 0.21875
0 0.13671875 0.5859375 0.140625 0.2578125
0 0.14453125 0.21875 0.1484375 0.29296875
0 0.2265625 0.875 0.13671875 0.25
0 0.25 0.5546875 0.140625 0.26171875
0 0.2578125 0.1796875 0.1484375 0.29296875
0 0.34765625 0.85546875 0.1484375 0.2890625
0 0.36328125 0.5234375 0.140625 0.25390625
0 0.390625 0.14453125 0.15234375 0.2890625
0 0.4609375 0.8359375 0.15625 0.32421875
0 0.4921875 0.4765625 0.13671875 0.25390625
0 0.5078125 0.12890625 0.14453125 0.2578125
0 0.59375 0.8046875 0.15625 0.33203125
0 0.60546875 0.4453125 0.140625 0.25390625
0 0.625 0.109375 0.1328125 0.21875
0 0.70703125 0.765625 0.1640625 0.328125
0 0.71875 0.40625 0.13671875 0.26171875
0 0.78125 0.9921875 0.07421875 0.015625
0 0.765625 0.087890625 0.12890625 0.17578125
0 0.8203125 0.73046875 0.1640625 0.3359375
0 0.8515625 0.3671875 0.13671875 0.24609375
0 0.8984375 0.97265625 0.08203125 0.0546875
0 0.9921875 0.9375 0.01171875 0.03125
0 0.9375 0.6875 0.125 0.33203125
0 0.984375 0.0390625 0.02734375 0.078125