0 0.29296875 0.9296875 0.453125 0.12109375
0 0.75 0.921875 0.4453125 0.12890625
0 0.9921875 0.921875 0.015625 0.12890625
0 0.75 0.7265625 0.4453125 0.12109375
0 0.29296875 0.7265625 0.4609375 0.12890625
0 0.98828125 0.71875 0.0234375 0.1171875
0 0.7421875 0.4921875 0.44921875 0.12109375
0 0.29296875 0.4921875 0.4375 0.125
0 0.984375 0.484375 0.02734375 0.1171875
0 0.27734375 0.3203125 0.453125 0.12109375
0 0.984375 0.30859375 0.03125 0.1171875
0 0.73046875 0.3125 0.4453125 0.12109375
0 0.203125 0.140625 0.19921875 0.12109375
0 0.6171875 0.140625 0.20703125 0.125
0 0.9453125 0.1328125 0.10546875 0.12109375
0 0.984375 0.0078125 0.03125 0.015625
0 0.734375 0.01171875 0.44921875 0.0234375
0 0.2734375 0.01171875 0.453125 0.0234375