0 0.984375 0.71484375 0.03125 0.1328125
0 0.96875 0.26171875 0.0625 0.2109375
0 0.9453125 0.5234375 0.10546875 0.21484375
0 0.9375 0.0703125 0.11328125 0.140625
0 0.9140625 0.95703125 0.09375 0.0859375
0 0.890625 0.296875 0.11328125 0.203125
0 0.859375 0.79296875 0.12109375 0.2109375
0 0.82421875 0.087890625 0.125 0.17578125
0 0.8046875 0.974609375 0.08203125 0.05078125
0 0.796875 0.56640625 0.13671875 0.21875
0 0.75 0.828125 0.1171875 0.21484375
0 0.7265625 0.34375 0.12109375 0.2109375
0 0.6875 0.59765625 0.1328125 0.21875
0 0.65625 0.11328125 0.13671875 0.2265625
0 0.609375 0.35546875 0.109375 0.171875
0 0.59375 0.87109375 0.11328125 0.2109375
0 0.53125 0.65234375 0.1328125 0.2109375
0 0.484375 0.90234375 0.11328125 0.1953125
0 0.46875 0.4296875 0.12890625 0.21484375
0 0.41796875 0.69140625 0.1328125 0.2109375
0 0.39453125 0.1953125 0.140625 0.22265625
0 0.33984375 0.0390625 0.09375 0.07421875
0 0.3515625 0.46484375 0.12890625 0.2109375
0 0.31640625 0.9296875 0.109375 0.140625
0 0.28125 0.234375 0.12890625 0.22265625
0 0.2578125 0.734375 0.1328125 0.21484375
0 0.22265625 0.0546875 0.1015625 0.109375
0 0.19921875 0.9453125 0.09375 0.109375
0 0.1875 0.5078125 0.12109375 0.20703125
0 0.140625 0.76953125 0.14453125 0.21875
0 0.12109375 0.27734375 0.1328125 0.21875
0 0.0703125 0.546875 0.1328125 0.21484375
0 0.05078125 0.078125 0.1015625 0.15625
0 0.0390625 0.3125 0.07421875 0.22265625
0 0.025390625 0.828125 0.05078125 0.17578125
0 0.0390625 0.96875 0.078125 0.0625