0 0.08203125 0.05078125 0.125 0.1015625
0 0.0859375 0.78125 0.125 0.43359375
0 0.0859375 0.3359375 0.12890625 0.44921875
0 0.34765625 0.05078125 0.125 0.1015625
0 0.3515625 0.33203125 0.125 0.4453125
0 0.3515625 0.78125 0.12890625 0.4375
0 0.5234375 0.05078125 0.125 0.1015625
0 0.53125 0.78125 0.12890625 0.4375
0 0.53125 0.33203125 0.12890625 0.453125
0 0.75 0.046875 0.125 0.09375
0 0.7578125 0.78125 0.12890625 0.4375
0 0.75390625 0.328125 0.1328125 0.44921875
0 0.9609375 0.78125 0.07421875 0.4375
0 0.9609375 0.33203125 0.07421875 0.4453125
0 0.9609375 0.05078125 0.07421875 0.1015625