0 0.1015625 0.8671875 0.19921875 0.11328125
0 0.4140625 0.7734375 0.33203125 0.1640625
0 0.078125 0.69140625 0.15234375 0.109375
0 0.75 0.6640625 0.19921875 0.125
0 0.05859375 0.5703125 0.1171875 0.09375
0 0.359375 0.6015625 0.328125 0.16796875
0 0.69921875 0.4921875 0.203125 0.12109375
0 0.0390625 0.45703125 0.078125 0.0859375
0 0.32421875 0.48828125 0.328125 0.1640625
0 0.6640625 0.3828125 0.203125 0.12109375
0 0.2890625 0.375 0.32421875 0.16015625
0 0.0234375 0.3203125 0.04296875 0.07421875
0 0.625 0.265625 0.20703125 0.12109375
0 0.2421875 0.24609375 0.328125 0.15625
0 0.5859375 0.1328125 0.203125 0.11328125
0 0.2109375 0.1328125 0.328125 0.16015625
0 0.546875 0.0390625 0.19921875 0.078125
0 0.171875 0.046875 0.32421875 0.09375