0 0.337890625 0.0234375 0.67578125 0.04296875
0 0.33984375 0.1171875 0.6796875 0.14453125
0 0.34375 0.26953125 0.68359375 0.1484375
0 0.34375 0.4140625 0.6875 0.14453125
0 0.34375 0.5625 0.6875 0.140625
0 0.34765625 0.7109375 0.6953125 0.14453125
0 0.3515625 0.859375 0.69921875 0.14453125
0 0.3515625 0.96875 0.703125 0.0625
0 0.859375 0.9609375 0.28125 0.07421875
0 0.859375 0.8515625 0.28125 0.140625
0 0.85546875 0.69921875 0.2890625 0.1328125
0 0.8515625 0.5546875 0.29296875 0.13671875
0 0.8515625 0.40625 0.296875 0.140625
0 0.849609375 0.2578125 0.30078125 0.13671875
0 0.84765625 0.109375 0.3046875 0.13671875
0 0.84375 0.015625 0.30859375 0.03125