0 0.25 0.99609375 0.01953125 0.0078125
0 0.0078125 0.98046875 0.01171875 0.0390625
0 0.4609375 0.9375 0.3203125 0.12109375
0 0.13671875 0.9375 0.21875 0.12109375
0 0.80078125 0.859375 0.3203125 0.15625
0 0.9921875 0.7890625 0.01171875 0.03515625
0 0.4296875 0.8515625 0.3203125 0.16796875
0 0.1015625 0.828125 0.203125 0.12890625
0 0.76953125 0.74609375 0.3203125 0.1484375
0 0.39453125 0.73046875 0.328125 0.1640625
0 0.974609375 0.6796875 0.05078125 0.08203125
0 0.0859375 0.6953125 0.171875 0.12109375
0 0.734375 0.6328125 0.3203125 0.15625
0 0.359375 0.61328125 0.3125 0.1640625
0 0.06640625 0.58203125 0.1328125 0.109375
0 0.95703125 0.5625 0.0859375 0.09765625
0 0.6953125 0.5078125 0.31640625 0.15234375
0 0.046875 0.46484375 0.09375 0.09375
0 0.3203125 0.5 0.31640625 0.171875
0 0.9375 0.4375 0.125 0.10546875
0 0.66015625 0.3984375 0.3203125 0.15625
0 0.28515625 0.390625 0.328125 0.1640625
0 0.02734375 0.30859375 0.0546875 0.0859375
0 0.921875 0.3203125 0.15625 0.12109375
0 0.625 0.28515625 0.31640625 0.15625
0 0.2421875 0.23828125 0.32421875 0.1640625
0 0.01171875 0.1875 0.0234375 0.07421875
0 0.90234375 0.19921875 0.1953125 0.125
0 0.578125 0.13671875 0.31640625 0.15625
0 0.2109375 0.125 0.32421875 0.16796875
0 0.880859375 0.056640625 0.23828125 0.11328125
0 0.75 0.00390625 0.01171875 0.0078125
0 0.546875 0.05078125 0.31640625 0.1015625
0 0.15625 0.046875 0.30078125 0.09375