0 0.5 0.9765625 1 0.046875
0 0.5 0.90234375 1 0.078125
0 0.5 0.765625 1 0.0859375
0 0.5 0.67578125 1 0.078125
0 0.26171875 0.58984375 0.484375 0.078125
0 0.7890625 0.58203125 0.421875 0.0703125
0 0.265625 0.5 0.48828125 0.078125
0 0.787109375 0.4921875 0.42578125 0.07421875
0 0.5 0.4140625 1 0.08203125
0 0.3203125 0.3203125 0.63671875 0.0703125
0 0.96484375 0.3125 0.0703125 0.06640625
0 0.5 0.234375 1 0.07421875
0 0.10546875 0.15234375 0.2109375 0.0703125
0 0.9296875 0.140625 0.140625 0.06640625
0 0.5390625 0.1484375 0.4453125 0.07421875
0 0.5 0.05859375 1 0.078125
0 0.125 0.00390625 0.25 0.0078125