0 0.078125 0.4921875 0.15234375 0.1015625
0 0.3671875 0.40625 0.32421875 0.16015625
0 0.046875 0.3125 0.09375 0.08984375
0 0.71875 0.296875 0.24609375 0.140625
0 0.9375 0.21875 0.125 0.1015625
0 0.3125 0.23828125 0.32421875 0.1484375
0 0.03515625 0.1953125 0.0703125 0.0859375
0 0.671875 0.125 0.24609375 0.14453125
0 0.2734375 0.1171875 0.33203125 0.15234375
0 0.015625 0.078125 0.02734375 0.07421875
0 0.912109375 0.046875 0.17578125 0.09375
0 0.6328125 0.0390625 0.24609375 0.078125
0 0.203125 0.0390625 0.26953125 0.078125