0 0.625 0.974609375 0.1640625 0.05078125
0 0.83984375 0.9453125 0.2109375 0.109375
0 0.98046875 0.90625 0.0390625 0.0859375
0 0.15625 0.53125 0.3125 0.16015625
0 0.43359375 0.4453125 0.2109375 0.1328125
0 0.65625 0.375 0.2109375 0.1328125
0 0.1328125 0.37890625 0.26171875 0.1484375
0 0.38671875 0.296875 0.21875 0.13671875
0 0.11328125 0.25390625 0.2265625 0.140625
0 0.609375 0.2265625 0.203125 0.12890625
0 0.35546875 0.1796875 0.21875 0.13671875
0 0.8671875 0.140625 0.26171875 0.16015625
0 0.578125 0.109375 0.19921875 0.12890625
0 0.8515625 0.0546875 0.296875 0.10546875