0 0.140625 0.109375 0.12890625 0.21875
0 0.19921875 0.2890625 0.109375 0.13671875
0 0.2578125 0.08984375 0.1171875 0.1796875
0 0.3125 0.2578125 0.1015625 0.1328125
0 0.4140625 0.0703125 0.10546875 0.13671875
0 0.4609375 0.2109375 0.09765625 0.13671875
0 0.53125 0.05078125 0.09375 0.1015625
0 0.5703125 0.17578125 0.1015625 0.1328125
0 0.65625 0.03515625 0.08984375 0.0703125
0 0.6875 0.14453125 0.10546875 0.1328125
0 0.7890625 0.015625 0.078125 0.03125
0 0.8203125 0.1015625 0.109375 0.14453125
0 0.93359375 0.0703125 0.1015625 0.13671875