0 0.02734375 0.0625 0.0546875 0.125
0 0.03515625 0.5859375 0.0703125 0.765625
0 0.109375 0.484375 0.0859375 0.96875
0 0.19921875 0.15625 0.0859375 0.3125
0 0.203125 0.68359375 0.08203125 0.5703125
0 0.29296875 0.484375 0.0859375 0.96484375
0 0.3828125 0.484375 0.08984375 0.96484375
0 0.484375 0.48046875 0.0859375 0.9609375
0 0.5703125 0.48046875 0.09375 0.9609375
0 0.65625 0.34375 0.0859375 0.60546875
0 0.6640625 0.8359375 0.08203125 0.2421875
0 0.7421875 0.4765625 0.08984375 0.953125
0 0.8359375 0.4765625 0.08984375 0.953125
0 0.96875 0.609375 0.0625 0.6953125
0 0.96875 0.0546875 0.0625 0.10546875