0 0.03515625 0.22265625 0.0703125 0.4453125
0 0.0390625 0.953125 0.07421875 0.09375
0 0.0390625 0.67578125 0.07421875 0.4453125
0 0.2421875 0.953125 0.12890625 0.09375
0 0.23828125 0.22265625 0.140625 0.4453125
0 0.2421875 0.671875 0.13671875 0.4453125
0 0.41796875 0.21875 0.1328125 0.4375
0 0.421875 0.953125 0.12890625 0.09375
0 0.421875 0.671875 0.1328125 0.44921875
0 0.6484375 0.21875 0.13671875 0.4375
0 0.6484375 0.6640625 0.13671875 0.44921875
0 0.65625 0.94921875 0.1328125 0.1015625
0 0.92578125 0.9453125 0.1328125 0.10546875
0 0.921875 0.6640625 0.13671875 0.44921875
0 0.921875 0.21875 0.13671875 0.43359375