0 0.02734375 0.8046875 0.0546875 0.24609375
0 0.02734375 0.50390625 0.0546875 0.25
0 0.10546875 0.8046875 0.078125 0.25
0 0.109375 0.50390625 0.07421875 0.25
0 0.1953125 0.8046875 0.078125 0.25390625
0 0.1953125 0.5 0.078125 0.25
0 0.28515625 0.5 0.0703125 0.25
0 0.28515625 0.80078125 0.078125 0.25
0 0.37109375 0.47265625 0.078125 0.2890625
0 0.375 0.8203125 0.078125 0.29296875
0 0.4609375 0.47265625 0.07421875 0.2890625
0 0.4609375 0.81640625 0.078125 0.2890625
0 0.546875 0.81640625 0.07421875 0.2890625
0 0.546875 0.46875 0.078125 0.2890625
0 0.6328125 0.46875 0.07421875 0.2890625
0 0.640625 0.81640625 0.078125 0.2890625
0 0.72265625 0.46875 0.0703125 0.2890625
0 0.7265625 0.81640625 0.078125 0.2890625
0 0.8125 0.81640625 0.07421875 0.2890625
0 0.8125 0.46875 0.07421875 0.2890625
0 0.90234375 0.8125 0.078125 0.28515625
0 0.9765625 0.8125 0.046875 0.28515625
0 0.9296875 0.4609375 0.13671875 0.30078125