0 0.5625 0.9921875 0.03125 0.01171875
0 0.1875 0.984375 0.12109375 0.03125
0 0.40234375 0.9375 0.2890625 0.125
0 0.109375 0.9140625 0.21484375 0.13671875
0 0.375 0.8359375 0.28515625 0.1484375
0 0.09375 0.796875 0.1875 0.125
0 0.3359375 0.71875 0.29296875 0.15234375
0 0.0703125 0.6640625 0.140625 0.11328125
0 0.29296875 0.58984375 0.28125 0.1484375
0 0.0546875 0.546875 0.10546875 0.10546875
0 0.2578125 0.48046875 0.29296875 0.15625
0 0.21875 0.3671875 0.2890625 0.15234375
0 0.0234375 0.30859375 0.04296875 0.0859375
0 0.1875 0.25 0.2890625 0.14453125
0 0.15625 0.140625 0.296875 0.15234375
0 0.1328125 0.05078125 0.26171875 0.1015625