0 0.953125 0.05859375 0.08984375 0.1171875
0 0.84375 0.07421875 0.1171875 0.1484375
0 0.703125 0.09765625 0.12890625 0.1953125
0 0.58984375 0.109375 0.1484375 0.21875
0 0.5546875 0.80859375 0.14453125 0.3359375
0 0.453125 0.4609375 0.14453125 0.2890625
0 0.4453125 0.8359375 0.1640625 0.32421875
0 0.3515625 0.14453125 0.15625 0.2890625
0 0.3359375 0.5 0.16015625 0.29296875
0 0.28515625 0.8671875 0.1484375 0.265625
0 0.1796875 0.54296875 0.1484375 0.2890625
0 0.1640625 0.87890625 0.14453125 0.2421875
0 0.12109375 0.19921875 0.1640625 0.3359375
0 0.0625 0.015625 0.078125 0.02734375
0 0.046875 0.25 0.08984375 0.30859375
0 0.0703125 0.578125 0.140625 0.28515625
0 0.03125 0.90625 0.0625 0.1875