0 0.9921875 0.818359375 0.01171875 0.36328125
0 0.9921875 0.087890625 0.015625 0.17578125
0 0.9921875 0.40625 0.015625 0.4453125
0 0.875 0.8203125 0.1328125 0.359375
0 0.87109375 0.40625 0.1328125 0.4453125
0 0.8671875 0.08984375 0.1328125 0.1796875
0 0.59375 0.8203125 0.12890625 0.359375
0 0.5859375 0.41015625 0.12890625 0.4453125
0 0.58203125 0.08984375 0.1328125 0.1796875
0 0.34765625 0.8203125 0.1328125 0.359375
0 0.34375 0.4140625 0.13671875 0.45703125
0 0.34375 0.09375 0.13671875 0.18359375
0 0.171875 0.421875 0.13671875 0.44921875
0 0.171875 0.82421875 0.13671875 0.3515625
0 0.1640625 0.09375 0.1328125 0.1875
0 0.025390625 0.09375 0.05078125 0.1875
0 0.03125 0.41796875 0.05859375 0.4453125
0 0.03125 0.82421875 0.05859375 0.3515625