0 0.1171875 0.9921875 0.05078125 0.015625
0 0.23046875 0.96875 0.140625 0.0625
0 0.3828125 0.94921875 0.1484375 0.1015625
0 0.53125 0.92578125 0.16796875 0.1484375
0 0.6875 0.90625 0.17578125 0.1875
0 0.828125 0.875 0.171875 0.2265625
0 0.9375 0.83203125 0.12109375 0.2265625
0 0.05859375 0.8125 0.1171875 0.26953125
0 0.16015625 0.76953125 0.203125 0.2734375
0 0.3125 0.7265625 0.20703125 0.26953125
0 0.453125 0.6796875 0.19921875 0.2734375
0 0.015625 0.57421875 0.02734375 0.1015625
0 0.6015625 0.6328125 0.19921875 0.26953125
0 0.7421875 0.59375 0.1953125 0.265625
0 0.890625 0.55078125 0.19921875 0.265625
0 0.96484375 0.515625 0.0703125 0.24609375
0 0.0859375 0.4765625 0.16796875 0.26171875
0 0.21875 0.4375 0.19140625 0.26171875
0 0.359375 0.390625 0.19140625 0.26171875
0 0.5078125 0.34375 0.1875 0.26953125
0 0.6484375 0.30078125 0.19140625 0.265625
0 0.796875 0.2578125 0.19140625 0.265625
0 0.921875 0.21484375 0.15234375 0.265625
0 0.99609375 0.0859375 0.0078125 0.02734375
0 0.0390625 0.16015625 0.07421875 0.25
0 0.87109375 0.01953125 0.125 0.0390625
0 0.7265625 0.0390625 0.1484375 0.078125
0 0.578125 0.0625 0.171875 0.125
0 0.4296875 0.0859375 0.18359375 0.171875
0 0.27734375 0.109375 0.1953125 0.21484375
0 0.12890625 0.12890625 0.1953125 0.2578125