0 0.1875 0.09375 0.12109375 0.1875
0 0.1328125 0.3125 0.25390625 0.62109375
0 0.30859375 0.8671875 0.1484375 0.265625
0 0.3046875 0.453125 0.15625 0.3359375
0 0.33984375 0.0703125 0.1015625 0.13671875
0 0.4453125 0.90625 0.125 0.1875
0 0.4453125 0.41015625 0.15234375 0.3203125
0 0.55859375 0.24609375 0.2109375 0.4921875
0 0.59765625 0.8828125 0.140625 0.234375
0 0.69140625 0.2265625 0.2109375 0.453125
0 0.734375 0.8046875 0.18359375 0.38671875
0 0.80078125 0.212890625 0.203125 0.42578125
0 0.8671875 0.78125 0.19921875 0.4375
0 0.9375 0.75 0.125 0.421875
0 0.92578125 0.25390625 0.1484375 0.328125
0 0.97265625 0.08984375 0.0546875 0.1796875