0 0.109375 0.859375 0.21875 0.12890625
0 0.2890625 0.80078125 0.13671875 0.109375
0 0.08984375 0.7421875 0.1796875 0.1171875
0 0.2578125 0.6875 0.1328125 0.1015625
0 0.0703125 0.5859375 0.13671875 0.10546875
0 0.2109375 0.5390625 0.13671875 0.09765625
0 0.05078125 0.46875 0.1015625 0.09375
0 0.17578125 0.4296875 0.1328125 0.1015625
0 0.03515625 0.34375 0.0703125 0.08984375
0 0.14453125 0.3125 0.1328125 0.10546875
0 0.015625 0.2109375 0.03125 0.078125
0 0.1015625 0.1796875 0.14453125 0.109375
0 0.0703125 0.06640625 0.13671875 0.1015625