0 0.02734375 0.3125 0.0546875 0.625
0 0.03125 0.8671875 0.0625 0.26171875
0 0.1640625 0.3125 0.078125 0.625
0 0.1796875 0.8671875 0.07421875 0.265625
0 0.2578125 0.3125 0.07421875 0.625
0 0.265625 0.86328125 0.06640625 0.2734375
0 0.34375 0.0234375 0.0625 0.04296875
0 0.34375 0.3125 0.06640625 0.37109375
0 0.359375 0.828125 0.07421875 0.203125
0 0.4375 0.19140625 0.0625 0.1328125
0 0.4375 0.01953125 0.06640625 0.0390625
0 0.44140625 0.4140625 0.0625 0.1640625
0 0.4453125 0.828125 0.0703125 0.203125
0 0.5234375 0.3125 0.0703125 0.625
0 0.53125 0.859375 0.06640625 0.27734375
0 0.625 0.3125 0.08203125 0.625
0 0.6328125 0.859375 0.0703125 0.27734375
0 0.7109375 0.3125 0.08203125 0.62109375
0 0.72265625 0.859375 0.0703125 0.28125
0 0.796875 0.3125 0.08203125 0.62109375
0 0.8046875 0.859375 0.07421875 0.28125
0 0.88671875 0.30859375 0.078125 0.6171875
0 0.8984375 0.859375 0.06640625 0.28125
0 0.974609375 0.859375 0.05078125 0.28125
0 0.96875 0.30859375 0.0625 0.6171875