0 0.984375 0.83984375 0.03125 0.1015625
0 0.97265625 0.13671875 0.0546875 0.1796875
0 0.9609375 0.01953125 0.078125 0.0390625
0 0.93359375 0.609375 0.1328125 0.32421875
0 0.859375 0.9140625 0.12890625 0.16796875
0 0.84375 0.265625 0.16796875 0.33203125
0 0.7734375 0.046875 0.09765625 0.09375
0 0.7734375 0.65625 0.16796875 0.33203125
0 0.703125 0.9375 0.10546875 0.125
0 0.66796875 0.3203125 0.1640625 0.32421875
0 0.625 0.703125 0.16796875 0.33203125
0 0.58203125 0.953125 0.09375 0.08984375
0 0.5859375 0.07421875 0.11328125 0.1484375
0 0.5234375 0.36328125 0.16796875 0.3359375
0 0.51953125 0.7421875 0.1640625 0.32421875
0 0.46875 0.974609375 0.08203125 0.05078125
0 0.4375 0.09375 0.13671875 0.1875
0 0.4140625 0.3984375 0.16796875 0.328125
0 0.35546875 0.9921875 0.0546875 0.015625
0 0.40625 0.7734375 0.1640625 0.328125
0 0.32421875 0.1171875 0.140625 0.234375
0 0.296875 0.43359375 0.17578125 0.328125
0 0.28125 0.8125 0.16015625 0.33203125
0 0.203125 0.1328125 0.15234375 0.265625
0 0.1796875 0.46875 0.17578125 0.33984375
0 0.171875 0.84375 0.16796875 0.3125
0 0.078125 0.150390625 0.15625 0.30078125
0 0.0234375 0.2578125 0.04296875 0.140625
0 0.0703125 0.5078125 0.140625 0.33203125
0 0.015625 0.64453125 0.03125 0.1015625
0 0.0625 0.859375 0.125 0.28125