0 0.0546875 0.787109375 0.07421875 0.42578125
0 0.1875 0.787109375 0.07421875 0.42578125
0 0.28125 0.787109375 0.0703125 0.42578125
0 0.3671875 0.73046875 0.0703125 0.3359375
0 0.375 0.9921875 0.0703125 0.015625
0 0.45703125 0.7265625 0.0625 0.33203125
0 0.4609375 0.9921875 0.0703125 0.015625
0 0.546875 0.78125 0.07421875 0.4375
0 0.63671875 0.8046875 0.0703125 0.38671875
0 0.7265625 0.78125 0.07421875 0.4375
0 0.8125 0.859375 0.0703125 0.28125
0 0.8984375 0.78125 0.078125 0.4375
0 0.9765625 0.78125 0.046875 0.4375