0 0.9765625 0.27734375 0.04296875 0.15625
0 0.9453125 0.06640625 0.109375 0.1328125
0 0.91796875 0.37890625 0.1484375 0.296875
0 0.8203125 0.0859375 0.12109375 0.171875
0 0.7890625 0.421875 0.14453125 0.2890625
0 0.6875 0.109375 0.1328125 0.21484375
0 0.671875 0.45703125 0.15625 0.296875
0 0.5625 0.125 0.14453125 0.25
0 0.5546875 0.4921875 0.1484375 0.29296875
0 0.44921875 0.15625 0.1484375 0.25390625
0 0.421875 0.53515625 0.15234375 0.296875
0 0.3203125 0.1953125 0.1484375 0.25390625
0 0.30859375 0.5703125 0.1484375 0.2890625
0 0.2578125 0.015625 0.078125 0.03125
0 0.203125 0.2265625 0.14453125 0.26171875
0 0.1953125 0.6015625 0.14453125 0.2890625
0 0.140625 0.03515625 0.08984375 0.0703125
0 0.09375 0.26171875 0.140625 0.25
0 0.03515625 0.046875 0.0703125 0.09375
0 0.015625 0.3671875 0.03125 0.10546875
0 0.0703125 0.640625 0.140625 0.29296875
0 0.0078125 0.78125 0.015625 0.07421875