0 0.01953125 0.7890625 0.0390625 0.12109375
0 0.0390625 0.05078125 0.07421875 0.1015625
0 0.04296875 0.953125 0.0859375 0.08984375
0 0.1015625 0.2890625 0.12890625 0.24609375
0 0.15625 0.03125 0.0859375 0.0625
0 0.19921875 0.6171875 0.1640625 0.328125
0 0.2265625 0.25 0.13671875 0.25390625
0 0.2734375 0.015625 0.07421875 0.03125
0 0.296875 0.9140625 0.1171875 0.16796875
0 0.328125 0.57421875 0.1640625 0.328125
0 0.34375 0.21875 0.13671875 0.25390625
0 0.4296875 0.8984375 0.12109375 0.203125
0 0.453125 0.1796875 0.12890625 0.25390625
0 0.4375 0.5390625 0.16015625 0.32421875
0 0.546875 0.87890625 0.12890625 0.2421875
0 0.5546875 0.50390625 0.16015625 0.3359375
0 0.59375 0.13671875 0.13671875 0.2578125
0 0.64453125 0.8203125 0.109375 0.17578125
0 0.6953125 0.4609375 0.1640625 0.3359375
0 0.71484375 0.11328125 0.140625 0.2265625
0 0.7890625 0.7734375 0.1171875 0.17578125
0 0.80859375 0.4296875 0.1640625 0.33203125
0 0.83203125 0.09375 0.1328125 0.1875
0 0.91796875 0.7734375 0.1328125 0.26171875
0 0.96875 0.97265625 0.0625 0.0546875
0 0.98046875 0.6875 0.0390625 0.13671875
0 0.921875 0.39453125 0.15625 0.3359375
0 0.98828125 0.234375 0.0234375 0.07421875
0 0.9609375 0.078125 0.078125 0.15234375