0 0.15625 0.74609375 0.30859375 0.171875
0 0.4921875 0.6484375 0.31640625 0.15625
0 0.13671875 0.6328125 0.2734375 0.16015625
0 0.828125 0.55078125 0.328125 0.15625
0 0.453125 0.53515625 0.32421875 0.15625
0 0.119140625 0.515625 0.23828125 0.14453125
0 0.796875 0.4375 0.32421875 0.15234375
0 0.4140625 0.42578125 0.328125 0.1484375
0 0.984375 0.375 0.02734375 0.08203125
0 0.1015625 0.3828125 0.203125 0.12890625
0 0.76171875 0.328125 0.3203125 0.15625
0 0.3828125 0.3046875 0.31640625 0.15234375
0 0.96875 0.2578125 0.05859375 0.08984375
0 0.0859375 0.26953125 0.171875 0.125
0 0.7265625 0.203125 0.31640625 0.1640625
0 0.34375 0.1875 0.31640625 0.15234375
0 0.06640625 0.1484375 0.1328125 0.10546875
0 0.953125 0.1328125 0.09375 0.09765625
0 0.69140625 0.08984375 0.328125 0.1640625
0 0.9375 0.03515625 0.125 0.0703125
0 0.59375 0.03125 0.19140625 0.05859375
0 0.3125 0.07421875 0.30859375 0.1484375
0 0.1328125 0.00390625 0.02734375 0.0078125
0 0.04296875 0.01953125 0.0859375 0.0390625