0 0.046875 0.86328125 0.08984375 0.25
0 0.0546875 0.46875 0.109375 0.33203125
0 0.056640625 0.12109375 0.11328125 0.2421875
0 0.140625 0.828125 0.12890625 0.24609375
0 0.1484375 0.4375 0.15625 0.33203125
0 0.1953125 0.1015625 0.125 0.19921875
0 0.25390625 0.796875 0.125 0.25390625
0 0.3203125 0.9765625 0.07421875 0.04296875
0 0.3125 0.078125 0.109375 0.15625
0 0.29296875 0.39453125 0.1640625 0.3359375
0 0.40234375 0.75390625 0.1328125 0.25
0 0.43359375 0.0625 0.09375 0.125
0 0.40625 0.359375 0.15625 0.33203125
0 0.46875 0.9609375 0.08203125 0.078125
0 0.51171875 0.71875 0.1328125 0.24609375
0 0.515625 0.328125 0.16015625 0.33203125
0 0.5703125 0.0390625 0.0859375 0.078125
0 0.578125 0.94140625 0.10546875 0.1171875
0 0.625 0.6796875 0.12890625 0.25390625
0 0.65234375 0.28125 0.15625 0.33203125
0 0.6953125 0.0234375 0.07421875 0.046875
0 0.703125 0.921875 0.11328125 0.15625
0 0.796875 0.0078125 0.04296875 0.01171875
0 0.7578125 0.63671875 0.1328125 0.25
0 0.765625 0.24609375 0.1640625 0.3359375
0 0.84375 0.8984375 0.12109375 0.19921875
0 0.875 0.60546875 0.13671875 0.2578125
0 0.87890625 0.2109375 0.15625 0.33984375
0 0.94921875 0.8828125 0.1015625 0.23046875
0 0.9609375 0.5703125 0.07421875 0.25390625
0 0.96484375 0.125 0.0703125 0.23828125