0 0.078125 0.7265625 0.15625 0.125
0 0.3359375 0.6484375 0.33203125 0.16015625
0 0.6796875 0.546875 0.328125 0.16015625
0 0.046875 0.4921875 0.08984375 0.09375
0 0.921875 0.4609375 0.15234375 0.109375
0 0.2734375 0.4453125 0.33203125 0.1640625
0 0.02734375 0.375 0.0546875 0.0859375
0 0.6171875 0.34375 0.328125 0.1640625
0 0.234375 0.3359375 0.33203125 0.17578125
0 0.89453125 0.25390625 0.2109375 0.140625
0 0.58203125 0.2265625 0.328125 0.1640625
0 0.203125 0.22265625 0.3359375 0.171875
0 0.875 0.1328125 0.24609375 0.15234375
0 0.546875 0.1171875 0.32421875 0.1640625
0 0.859375 0.046875 0.28125 0.09375
0 0.4609375 0.03125 0.21484375 0.05859375
0 0.1640625 0.0859375 0.328125 0.16796875
0 0.0703125 0.0234375 0.13671875 0.04296875