0 0.66015625 0.91796875 0.4453125 0.125
0 0.21484375 0.921875 0.4296875 0.12890625
0 0.943359375 0.9140625 0.11328125 0.125
0 0.212890625 0.71875 0.42578125 0.12109375
0 0.943359375 0.7109375 0.11328125 0.12890625
0 0.66015625 0.71484375 0.4453125 0.1328125
0 0.2109375 0.48046875 0.421875 0.125
0 0.943359375 0.4765625 0.11328125 0.125
0 0.65234375 0.4765625 0.4453125 0.12890625
0 0.2109375 0.3046875 0.421875 0.12109375
0 0.65625 0.3046875 0.44921875 0.125
0 0.943359375 0.3046875 0.11328125 0.12890625
0 0.05078125 0.1328125 0.1015625 0.12109375
0 0.37109375 0.1328125 0.25 0.125
0 0.9921875 0.125 0.01171875 0.125
0 0.73046875 0.125 0.25 0.12890625
0 0.943359375 0.00390625 0.11328125 0.0078125
0 0.640625 0.00390625 0.44921875 0.0078125
0 0.203125 0.0078125 0.40625 0.015625