0 0.2421875 0.9375 0.48046875 0.09765625
0 0.74609375 0.9296875 0.5078125 0.1015625
0 0.19921875 0.828125 0.3671875 0.08984375
0 0.6875 0.8125 0.37109375 0.09765625
0 0.99609375 0.80078125 0.0078125 0.0859375
0 0.2421875 0.7109375 0.48046875 0.08984375
0 0.7421875 0.703125 0.51171875 0.10546875
0 0.23828125 0.59765625 0.4765625 0.09375
0 0.7421875 0.5859375 0.51171875 0.09375
0 0.1953125 0.484375 0.36328125 0.08984375
0 0.703125 0.47265625 0.359375 0.09375
0 0.9921875 0.4609375 0.015625 0.08203125
0 0.234375 0.375 0.46875 0.08984375
0 0.7421875 0.36328125 0.515625 0.09375
0 0.234375 0.234375 0.46875 0.09375
0 0.73828125 0.21875 0.5234375 0.09765625
0 0.18359375 0.125 0.3671875 0.08984375
0 0.6953125 0.1171875 0.37109375 0.09765625
0 0.984375 0.10546875 0.02734375 0.0859375
0 0.73828125 0.025390625 0.5234375 0.05078125
0 0.234375 0.03125 0.46875 0.05859375