0 0.9921875 0.12109375 0.015625 0.0546875
0 0.974609375 0.01171875 0.05078125 0.0234375
0 0.974609375 0.58984375 0.05078125 0.15625
0 0.96875 0.921875 0.0625 0.15625
0 0.91796875 0.296875 0.1484375 0.33203125
0 0.90625 0.671875 0.13671875 0.265625
0 0.8671875 0.94140625 0.10546875 0.1171875
0 0.8359375 0.03125 0.08203125 0.0625
0 0.8046875 0.328125 0.16015625 0.33984375
0 0.79296875 0.703125 0.140625 0.25390625
0 0.7265625 0.9609375 0.08984375 0.078125
0 0.71875 0.046875 0.08984375 0.09375
0 0.6875 0.36328125 0.15625 0.3359375
0 0.66015625 0.74609375 0.140625 0.2578125
0 0.609375 0.9765625 0.078125 0.04296875
0 0.59765625 0.06640625 0.09375 0.1328125
0 0.5078125 0.9921875 0.0390625 0.01171875
0 0.5546875 0.40625 0.15234375 0.33203125
0 0.546875 0.78125 0.13671875 0.2578125
0 0.4609375 0.0859375 0.10546875 0.16796875
0 0.4375 0.81640625 0.12890625 0.2578125
0 0.4453125 0.4375 0.15625 0.33984375
0 0.3359375 0.1015625 0.12109375 0.203125
0 0.3359375 0.4765625 0.16015625 0.3359375
0 0.3046875 0.859375 0.13671875 0.25
0 0.2265625 0.125 0.1328125 0.24609375
0 0.1875 0.8828125 0.13671875 0.234375
0 0.1953125 0.515625 0.16015625 0.33203125
0 0.08984375 0.15625 0.125 0.25
0 0.08203125 0.5546875 0.15625 0.33203125
0 0.0703125 0.8984375 0.12890625 0.19921875
0 0.0234375 0.234375 0.04296875 0.14453125
0 0.025390625 0.6640625 0.05078125 0.17578125