0 0.984375 0.046875 0.03125 0.09375
0 0.96875 0.41015625 0.0625 0.21875
0 0.9609375 0.7890625 0.078125 0.24609375
0 0.921875 0.1328125 0.15625 0.265625
0 0.90234375 0.48828125 0.1640625 0.3203125
0 0.859375 0.859375 0.16796875 0.28125
0 0.79296875 0.15625 0.1640625 0.30859375
0 0.7578125 0.5390625 0.16015625 0.32421875
0 0.6484375 0.1875 0.171875 0.33203125
0 0.5859375 0.00390625 0.0625 0.0078125
0 0.640625 0.5703125 0.171875 0.32421875
0 0.5390625 0.2265625 0.16796875 0.33203125
0 0.52734375 0.609375 0.15625 0.3203125
0 0.46875 0.0234375 0.08203125 0.046875
0 0.42578125 0.2578125 0.1640625 0.33203125
0 0.41015625 0.640625 0.15625 0.3125
0 0.35546875 0.0390625 0.09375 0.078125
0 0.30078125 0.296875 0.171875 0.328125
0 0.2890625 0.6796875 0.16015625 0.3203125
0 0.2265625 0.05859375 0.09765625 0.1171875
0 0.109375 0.07421875 0.11328125 0.1484375
0 0.09375 0.96484375 0.08984375 0.0703125
0 0.025390625 0.087890625 0.05078125 0.17578125
0 0.0546875 0.83203125 0.109375 0.171875
0 0.0078125 0.984375 0.015625 0.02734375