0 0.0703125 0.29296875 0.12109375 0.453125
0 0.078125 0.75 0.12890625 0.4453125
0 0.078125 0.9921875 0.12890625 0.015625
0 0.2734375 0.75 0.12109375 0.4453125
0 0.2734375 0.29296875 0.12890625 0.4609375
0 0.28125 0.98828125 0.1171875 0.0234375
0 0.5078125 0.7421875 0.12109375 0.44921875
0 0.5078125 0.29296875 0.125 0.4375
0 0.515625 0.984375 0.1171875 0.02734375
0 0.6796875 0.27734375 0.12109375 0.453125
0 0.69140625 0.984375 0.1171875 0.03125
0 0.6875 0.73046875 0.12109375 0.4453125
0 0.859375 0.203125 0.12109375 0.19921875
0 0.859375 0.6171875 0.125 0.20703125
0 0.8671875 0.9453125 0.12109375 0.10546875
0 0.9921875 0.984375 0.015625 0.03125
0 0.98828125 0.734375 0.0234375 0.44921875
0 0.98828125 0.2734375 0.0234375 0.453125