0 0.421875 0.80859375 0.13671875 0.3828125
0 0.2734375 0.80859375 0.140625 0.3828125
0 0.125 0.80859375 0.13671875 0.3828125
0 0.96875 0.8046875 0.05859375 0.38671875
0 0.86328125 0.8046875 0.140625 0.38671875
0 0.71484375 0.8046875 0.140625 0.38671875
0 0.5703125 0.8046875 0.13671875 0.38671875
0 0.9609375 0.296875 0.07421875 0.59375
0 0.8515625 0.296875 0.14453125 0.59375
0 0.703125 0.296875 0.14453125 0.59375
0 0.55859375 0.296875 0.140625 0.59375
0 0.40625 0.296875 0.14453125 0.59375
0 0.2578125 0.296875 0.140625 0.59375
0 0.109375 0.296875 0.15234375 0.59375