0 0.9765625 0.5 0.046875 1
0 0.90234375 0.5 0.078125 1
0 0.765625 0.5 0.0859375 1
0 0.67578125 0.5 0.078125 1
0 0.58984375 0.73828125 0.078125 0.484375
0 0.58203125 0.2109375 0.0703125 0.421875
0 0.5 0.734375 0.078125 0.48828125
0 0.4921875 0.212890625 0.07421875 0.42578125
0 0.4140625 0.5 0.08203125 1
0 0.3203125 0.6796875 0.0703125 0.63671875
0 0.3125 0.03515625 0.06640625 0.0703125
0 0.234375 0.5 0.07421875 1
0 0.15234375 0.89453125 0.0703125 0.2109375
0 0.140625 0.0703125 0.06640625 0.140625
0 0.1484375 0.4609375 0.07421875 0.4453125
0 0.05859375 0.5 0.078125 1
0 0.00390625 0.875 0.0078125 0.25