0 0.03125 0.2109375 0.05859375 0.421875
0 0.03125 0.65625 0.0625 0.44921875
0 0.234375 0.212890625 0.12890625 0.42578125
0 0.234375 0.9921875 0.1328125 0.015625
0 0.23828125 0.65625 0.1328125 0.4453125
0 0.40625 0.212890625 0.1328125 0.42578125
0 0.4140625 0.65234375 0.12890625 0.453125
0 0.4140625 0.9921875 0.12890625 0.015625
0 0.640625 0.20703125 0.1328125 0.4140625
0 0.6484375 0.99609375 0.12890625 0.0078125
0 0.64453125 0.6484375 0.1328125 0.44921875
0 0.9140625 0.2109375 0.1328125 0.41796875
0 0.921875 0.9921875 0.12890625 0.015625
0 0.921875 0.6484375 0.1328125 0.44921875