0 0.0234375 0.40234375 0.0390625 0.8046875
0 0.1328125 0.400390625 0.08984375 0.80078125
0 0.2265625 0.400390625 0.08984375 0.80078125
0 0.3125 0.1875 0.078125 0.37109375
0 0.3203125 0.6328125 0.078125 0.32421875
0 0.40625 0.3984375 0.08984375 0.796875
0 0.4921875 0.3984375 0.0859375 0.796875
0 0.59765625 0.3984375 0.09375 0.79296875
0 0.6875 0.3984375 0.0859375 0.79296875
0 0.76953125 0.0625 0.078125 0.125
0 0.7734375 0.5078125 0.08984375 0.57421875
0 0.86328125 0.39453125 0.0859375 0.7890625
0 0.953125 0.39453125 0.08984375 0.7890625