0 0.87890625 0.9921875 0.0546875 0.015625
0 0.98828125 0.974609375 0.0234375 0.05078125
0 0.41015625 0.974609375 0.15625 0.05078125
0 0.078125 0.96875 0.15625 0.0625
0 0.703125 0.91796875 0.33203125 0.1484375
0 0.328125 0.90625 0.265625 0.13671875
0 0.05859375 0.8671875 0.1171875 0.10546875
0 0.96875 0.8359375 0.0625 0.08203125
0 0.671875 0.8046875 0.33984375 0.16015625
0 0.296875 0.79296875 0.25390625 0.140625
0 0.0390625 0.7265625 0.078125 0.08984375
0 0.953125 0.71875 0.09375 0.08984375
0 0.63671875 0.6875 0.3359375 0.15625
0 0.25390625 0.66015625 0.2578125 0.140625
0 0.0234375 0.609375 0.04296875 0.078125
0 0.93359375 0.59765625 0.1328125 0.09375
0 0.0078125 0.5078125 0.01171875 0.0390625
0 0.59375 0.5546875 0.33203125 0.15234375
0 0.21875 0.546875 0.2578125 0.13671875
0 0.9140625 0.4609375 0.16796875 0.10546875
0 0.18359375 0.4375 0.2578125 0.12890625
0 0.5625 0.4453125 0.33984375 0.15625
0 0.8984375 0.3359375 0.203125 0.12109375
0 0.5234375 0.3359375 0.3359375 0.16015625
0 0.140625 0.3046875 0.25 0.13671875
0 0.875 0.2265625 0.24609375 0.1328125
0 0.1171875 0.1875 0.234375 0.13671875
0 0.484375 0.1953125 0.33203125 0.16015625
0 0.84375 0.08984375 0.25 0.125
0 0.4453125 0.08203125 0.33203125 0.15625
0 0.1015625 0.0703125 0.19921875 0.12890625
0 0.765625 0.0234375 0.14453125 0.04296875
0 0.3359375 0.025390625 0.17578125 0.05078125