0 0.84375 0.9609375 0.2734375 0.07421875
0 0.4375 0.9609375 0.25390625 0.07421875
0 0.1171875 0.953125 0.23046875 0.09375
0 0.40234375 0.8828125 0.2578125 0.13671875
0 0.77734375 0.890625 0.34375 0.171875
0 0.09375 0.8359375 0.1875 0.125
0 0.7421875 0.77734375 0.33203125 0.1640625
0 0.36328125 0.75 0.2578125 0.14453125
0 0.07421875 0.71484375 0.1484375 0.1171875
0 0.328125 0.63671875 0.25 0.140625
0 0.703125 0.640625 0.3359375 0.17578125
0 0.96875 0.5625 0.0625 0.08203125
0 0.6640625 0.53515625 0.33984375 0.1640625
0 0.953125 0.4453125 0.09375 0.10546875
0 0.609375 0.1171875 0.78125 0.234375
0 0.359375 0.056640625 0.375 0.11328125