0 0.8984375 0.9921875 0.19921875 0.01171875
0 0.5859375 0.9921875 0.41796875 0.01171875
0 0.39453125 0.8828125 0.7890625 0.13671875
0 0.8984375 0.875 0.203125 0.13671875
0 0.1640625 0.640625 0.328125 0.19921875
0 0.8984375 0.6328125 0.203125 0.1953125
0 0.5625 0.640625 0.44921875 0.20703125
0 0.1640625 0.4296875 0.328125 0.07421875
0 0.55859375 0.4296875 0.4453125 0.07421875
0 0.890625 0.421875 0.21484375 0.0703125
0 0.9921875 0.1171875 0.015625 0.23046875
0 0.8828125 0.1171875 0.140625 0.23046875
0 0.68359375 0.09765625 0.140625 0.1953125
0 0.51171875 0.119140625 0.1484375 0.23828125
0 0.3203125 0.119140625 0.14453125 0.23828125
0 0.15234375 0.119140625 0.1328125 0.23828125
0 0.015625 0.1015625 0.02734375 0.19921875