0 0.05078125 0.71484375 0.1015625 0.3359375
0 0.0546875 0.3359375 0.10546875 0.3359375
0 0.09375 0.943359375 0.1015625 0.11328125
0 0.1328125 0.671875 0.16015625 0.328125
0 0.171875 0.2890625 0.16015625 0.3359375
0 0.2109375 0.921875 0.11328125 0.15234375
0 0.28125 0.62890625 0.16796875 0.328125
0 0.296875 0.25390625 0.16015625 0.3359375
0 0.3671875 0.90625 0.12109375 0.1875
0 0.390625 0.59375 0.16796875 0.33203125
0 0.40625 0.2265625 0.16796875 0.33203125
0 0.484375 0.8828125 0.1328125 0.23046875
0 0.5078125 0.5625 0.16796875 0.33203125
0 0.53125 0.18359375 0.1640625 0.3359375
0 0.6015625 0.8671875 0.16015625 0.26171875
0 0.6328125 0.515625 0.171875 0.32421875
0 0.64453125 0.15625 0.1640625 0.3125
0 0.7421875 0.849609375 0.16796875 0.30078125
0 0.75 0.484375 0.16015625 0.328125
0 0.765625 0.140625 0.15625 0.27734375
0 0.859375 0.4453125 0.16015625 0.33203125
0 0.859375 0.828125 0.171875 0.328125
0 0.99609375 0.984375 0.0078125 0.01953125
0 0.94140625 0.7890625 0.1171875 0.328125
0 0.984375 0.296875 0.03125 0.10546875
0 0.943359375 0.109375 0.11328125 0.21875