0 0.9609375 0.984375 0.078125 0.02734375
0 0.640625 0.96484375 0.22265625 0.0703125
0 0.25 0.94921875 0.2890625 0.1015625
0 0.890625 0.9140625 0.21875 0.1328125
0 0.5859375 0.86328125 0.2578125 0.140625
0 0.21875 0.85546875 0.29296875 0.1484375
0 0.875 0.7734375 0.25 0.13671875
0 0.5546875 0.75 0.26171875 0.140625
0 0.1796875 0.7421875 0.29296875 0.1484375
0 0.85546875 0.65234375 0.2890625 0.1484375
0 0.5234375 0.63671875 0.25390625 0.140625
0 0.14453125 0.609375 0.2890625 0.15234375
0 0.8359375 0.5390625 0.32421875 0.15625
0 0.4765625 0.5078125 0.25390625 0.13671875
0 0.12890625 0.4921875 0.2578125 0.14453125
0 0.8046875 0.40625 0.33203125 0.15625
0 0.4453125 0.39453125 0.25390625 0.140625
0 0.109375 0.375 0.21875 0.1328125
0 0.765625 0.29296875 0.328125 0.1640625
0 0.40625 0.28125 0.26171875 0.13671875
0 0.9921875 0.21875 0.015625 0.07421875
0 0.087890625 0.234375 0.17578125 0.12890625
0 0.73046875 0.1796875 0.3359375 0.1640625
0 0.3671875 0.1484375 0.24609375 0.13671875
0 0.97265625 0.1015625 0.0546875 0.08203125
0 0.9375 0.0078125 0.03125 0.01171875
0 0.6875 0.0625 0.33203125 0.125
0 0.0390625 0.015625 0.078125 0.02734375