0 0.3828125 0.98046875 0.125 0.0390625
0 0.0546875 0.96875 0.10546875 0.05859375
0 0.59765625 0.94140625 0.2109375 0.1171875
0 0.296875 0.9140625 0.24609375 0.140625
0 0.03125 0.8671875 0.05859375 0.08203125
0 0.58203125 0.828125 0.25 0.14453125
0 0.2578125 0.796875 0.24609375 0.13671875
0 0.015625 0.7265625 0.02734375 0.06640625
0 0.546875 0.7109375 0.25390625 0.13671875
0 0.21875 0.6640625 0.24609375 0.12890625
0 0.50390625 0.578125 0.2578125 0.13671875
0 0.1875 0.55078125 0.24609375 0.125
0 0.46875 0.46484375 0.25 0.125
0 0.1484375 0.4375 0.25390625 0.13671875
0 0.4765625 0.33984375 0.33203125 0.15625
0 0.11328125 0.3046875 0.2265625 0.13671875
0 0.828125 0.2265625 0.2421875 0.13671875
0 0.99609375 0.1640625 0.0078125 0.02734375
0 0.4296875 0.20703125 0.33203125 0.15625
0 0.7890625 0.1015625 0.25 0.140625
0 0.974609375 0.0390625 0.05078125 0.078125
0 0.24609375 0.015625 0.109375 0.03125
0 0.0703125 0.046875 0.140625 0.09375