0 0.0078125 0.78125 0.015625 0.4375
0 0.09765625 0.78125 0.140625 0.4375
0 0.2421875 0.77734375 0.14453125 0.4453125
0 0.38671875 0.7734375 0.1484375 0.44921875
0 0.53125 0.7734375 0.14453125 0.453125
0 0.6796875 0.765625 0.140625 0.44921875
0 0.82421875 0.765625 0.140625 0.44921875
0 0.94921875 0.7578125 0.1015625 0.4453125
0 0.00390625 0.40625 0.0078125 0.28515625
0 0.943359375 0.2578125 0.11328125 0.515625
0 0.8125 0.2578125 0.140625 0.515625
0 0.671875 0.265625 0.14453125 0.52734375
0 0.5234375 0.265625 0.14453125 0.53125
0 0.37890625 0.26953125 0.1484375 0.5390625
0 0.234375 0.2734375 0.14453125 0.54296875
0 0.08203125 0.2734375 0.1484375 0.546875