0 0.9140625 0.8046875 0.171875 0.38671875
0 0.912109375 0.078125 0.17578125 0.15234375
0 0.912109375 0.3828125 0.17578125 0.44921875
0 0.671875 0.8046875 0.1328125 0.38671875
0 0.6640625 0.3828125 0.12890625 0.4453125
0 0.66015625 0.078125 0.125 0.15234375
0 0.3984375 0.078125 0.12890625 0.15234375
0 0.40234375 0.3828125 0.1328125 0.44921875
0 0.40234375 0.8046875 0.1328125 0.38671875
0 0.23046875 0.80859375 0.1328125 0.3828125
0 0.22265625 0.306640625 0.1328125 0.61328125
0 0.00390625 0.38671875 0.0078125 0.4453125
0 0.0078125 0.8359375 0.01171875 0.32421875