0 0.181640625 0.9921875 0.36328125 0.01171875
0 0.912109375 0.9921875 0.17578125 0.015625
0 0.59375 0.9921875 0.4453125 0.015625
0 0.1796875 0.875 0.359375 0.1328125
0 0.59375 0.87109375 0.4453125 0.1328125
0 0.91015625 0.8671875 0.1796875 0.1328125
0 0.1796875 0.59375 0.359375 0.12890625
0 0.58984375 0.5859375 0.4453125 0.12890625
0 0.91015625 0.58203125 0.1796875 0.1328125
0 0.1796875 0.34765625 0.359375 0.1328125
0 0.5859375 0.34375 0.45703125 0.13671875
0 0.90625 0.34375 0.18359375 0.13671875
0 0.578125 0.171875 0.44921875 0.13671875
0 0.17578125 0.171875 0.3515625 0.13671875
0 0.90625 0.1640625 0.1875 0.1328125
0 0.90625 0.025390625 0.1875 0.05078125
0 0.58203125 0.03125 0.4453125 0.05859375
0 0.17578125 0.03125 0.3515625 0.05859375