0 0.2421875 0.87109375 0.48046875 0.09375
0 0.703125 0.859375 0.37109375 0.0859375
0 0.98046875 0.8515625 0.0390625 0.08203125
0 0.23828125 0.765625 0.4765625 0.09375
0 0.6953125 0.75390625 0.37109375 0.09375
0 0.9765625 0.7421875 0.04296875 0.08203125
0 0.1171875 0.65625 0.12890625 0.08203125
0 0.234375 0.546875 0.46875 0.08984375
0 0.9765625 0.5390625 0.046875 0.08203125
0 0.69140625 0.5390625 0.3671875 0.08984375
0 0.234375 0.38671875 0.46484375 0.09375
0 0.6875 0.37890625 0.3671875 0.09375
0 0.974609375 0.3671875 0.05078125 0.08984375
0 0.10546875 0.2734375 0.125 0.07421875
0 0.23046875 0.171875 0.4609375 0.09375
0 0.97265625 0.15625 0.0546875 0.0859375
0 0.68359375 0.16015625 0.3671875 0.09375
0 0.2265625 0.0625 0.453125 0.09765625
0 0.97265625 0.05078125 0.0546875 0.0859375
0 0.6796875 0.0546875 0.3671875 0.09375