0 0.05078125 0.83203125 0.1015625 0.0859375
0 0.5 0.8203125 0.73828125 0.09375
0 0.9453125 0.8125 0.09765625 0.0859375
0 0.046875 0.7265625 0.09375 0.08203125
0 0.9453125 0.7109375 0.1015625 0.0859375
0 0.046875 0.625 0.09375 0.08203125
0 0.046875 0.515625 0.09375 0.078125
0 0.4921875 0.6171875 0.7421875 0.30078125
0 0.9453125 0.5 0.10546875 0.078125
0 0.046875 0.34765625 0.08984375 0.0859375
0 0.484375 0.34375 0.73828125 0.09375
0 0.94140625 0.3359375 0.109375 0.08203125
0 0.04296875 0.2421875 0.0859375 0.08203125
0 0.41015625 0.234375 0.125 0.078125
0 0.7734375 0.23046875 0.12109375 0.078125
0 0.0390625 0.13671875 0.078125 0.0859375
0 0.48046875 0.12890625 0.734375 0.09375
0 0.9375 0.12109375 0.11328125 0.0859375
0 0.9375 0.025390625 0.1171875 0.05078125
0 0.48046875 0.03515625 0.734375 0.0703125
0 0.0390625 0.03515625 0.078125 0.0703125