0 0.9921875 0.99609375 0.015625 0.0078125
0 0.0234375 0.9921875 0.046875 0.015625
0 0.6875 0.96875 0.21875 0.0625
0 0.18359375 0.95703125 0.21875 0.0859375
0 0.015625 0.9140625 0.02734375 0.08203125
0 0.90625 0.9296875 0.1875 0.12890625
0 0.40625 0.91015625 0.21875 0.125
0 0.1484375 0.8671875 0.22265625 0.140625
0 0.640625 0.84375 0.22265625 0.1328125
0 0.375 0.796875 0.21484375 0.125
0 0.8671875 0.7734375 0.21484375 0.13671875
0 0.9921875 0.71484375 0.015625 0.0546875
0 0.6015625 0.7265625 0.21484375 0.12890625
0 0.10546875 0.70703125 0.2109375 0.140625
0 0.828125 0.6640625 0.20703125 0.1328125
0 0.3203125 0.6328125 0.21484375 0.12109375
0 0.974609375 0.61328125 0.05078125 0.09375
0 0.0859375 0.59375 0.16796875 0.12890625
0 0.5546875 0.5703125 0.21875 0.12890625
0 0.28125 0.52734375 0.2109375 0.1171875
0 0.78125 0.5 0.20703125 0.11328125
0 0.96875 0.44140625 0.0625 0.09375
0 0.515625 0.4609375 0.22265625 0.1328125
0 0.0625 0.42578125 0.125 0.1171875
0 0.75 0.390625 0.21875 0.125
0 0.234375 0.3671875 0.20703125 0.125
0 0.9296875 0.33203125 0.13671875 0.1171875
0 0.04296875 0.30859375 0.0859375 0.109375
0 0.46875 0.30078125 0.22265625 0.125
0 0.203125 0.25390625 0.2109375 0.125
0 0.703125 0.234375 0.21484375 0.12890625
0 0.4375 0.18359375 0.21875 0.125
0 0.02734375 0.16796875 0.0546875 0.09375
0 0.90625 0.1640625 0.18359375 0.12890625
0 0.671875 0.1328125 0.21484375 0.12109375
0 0.1640625 0.12109375 0.20703125 0.1171875
0 0.0078125 0.06640625 0.015625 0.0625
0 0.9296875 0.046875 0.140625 0.08984375
0 0.28125 0.00390625 0.02734375 0.0078125
0 0.1328125 0.0390625 0.2109375 0.07421875