0 0.1484375 0.671875 0.16015625 0.296875
0 0.22265625 0.90625 0.1328125 0.18359375
0 0.2578125 0.640625 0.16015625 0.29296875
0 0.37109375 0.6015625 0.15625 0.2890625
0 0.4609375 0.875 0.14453125 0.25
0 0.4921875 0.5625 0.15234375 0.29296875
0 0.58203125 0.859375 0.1484375 0.28125
0 0.6015625 0.53125 0.15625 0.29296875
0 0.71875 0.49609375 0.15625 0.296875
0 0.8125 0.8125 0.16015625 0.3359375
0 0.828125 0.4609375 0.15625 0.29296875
0 0.9765625 0.984375 0.046875 0.03125
0 0.921875 0.78125 0.15625 0.33203125
0 0.93359375 0.42578125 0.1328125 0.296875
0 0.98828125 0.30078125 0.0234375 0.078125