0 0.02734375 0.4140625 0.0546875 0.828125
0 0.109375 0.4140625 0.08203125 0.828125
0 0.2421875 0.25 0.078125 0.49609375
0 0.24609375 0.69921875 0.078125 0.2578125
0 0.3359375 0.4140625 0.0859375 0.82421875
0 0.421875 0.0546875 0.06640625 0.10546875
0 0.421875 0.515625 0.08203125 0.61328125
0 0.5078125 0.0546875 0.0703125 0.109375
0 0.515625 0.515625 0.07421875 0.61328125
0 0.6015625 0.41015625 0.08203125 0.8203125
0 0.69140625 0.41015625 0.078125 0.8203125
0 0.7734375 0.12109375 0.0703125 0.2421875
0 0.78125 0.59375 0.06640625 0.44921875
0 0.86328125 0.17578125 0.0703125 0.3515625
0 0.8671875 0.640625 0.0703125 0.31640625
0 0.953125 0.3984375 0.07421875 0.796875