0 0.787109375 0.9453125 0.42578125 0.07421875
0 0.787109375 0.8125 0.42578125 0.07421875
0 0.787109375 0.71875 0.42578125 0.0703125
0 0.73046875 0.6328125 0.3359375 0.0703125
0 0.9921875 0.625 0.015625 0.0703125
0 0.7265625 0.54296875 0.33203125 0.0625
0 0.9921875 0.5390625 0.015625 0.0703125
0 0.78125 0.453125 0.4375 0.07421875
0 0.8046875 0.36328125 0.38671875 0.0703125
0 0.78125 0.2734375 0.4375 0.07421875
0 0.859375 0.1875 0.28125 0.0703125
0 0.78125 0.1015625 0.4375 0.078125
0 0.78125 0.0234375 0.4375 0.046875