0 0.015625 0.953125 0.03125 0.09375
0 0.02734375 0.59765625 0.0546875 0.1953125
0 0.046875 0.1875 0.08984375 0.30859375
0 0.0859375 0.8671875 0.14453125 0.265625
0 0.12109375 0.53125 0.140625 0.25390625
0 0.12890625 0.15234375 0.15625 0.3046875
0 0.2265625 0.84765625 0.15234375 0.3046875
0 0.234375 0.5 0.12890625 0.25390625
0 0.25 0.13671875 0.14453125 0.2734375
0 0.3359375 0.8203125 0.15625 0.33984375
0 0.35546875 0.4609375 0.125 0.24609375
0 0.390625 0.11328125 0.13671875 0.2265625
0 0.453125 0.7890625 0.15234375 0.32421875
0 0.484375 0.41796875 0.1328125 0.25
0 0.578125 0.7421875 0.16015625 0.33984375
0 0.6640625 0.984375 0.07421875 0.02734375
0 0.6484375 0.078125 0.11328125 0.15234375
0 0.734375 0.34375 0.1328125 0.25390625
0 0.8359375 0.66796875 0.1640625 0.3359375
0 0.92578125 0.953125 0.09375 0.09375