0 0.38671875 0.9453125 0.7734375 0.08984375
0 0.38671875 0.859375 0.7734375 0.08984375
0 0.171875 0.7734375 0.34375 0.08203125
0 0.60546875 0.765625 0.3359375 0.0859375
0 0.3828125 0.6796875 0.765625 0.08203125
0 0.3828125 0.59375 0.765625 0.08984375
0 0.3828125 0.48828125 0.765625 0.0859375
0 0.3828125 0.3984375 0.765625 0.08984375
0 0.046875 0.31640625 0.09375 0.078125
0 0.4765625 0.30859375 0.57421875 0.0859375
0 0.3828125 0.22265625 0.76171875 0.0859375
0 0.3828125 0.1328125 0.76171875 0.08984375
0 0.53125 0.015625 0.45703125 0.03125
0 0.08203125 0.015625 0.1640625 0.03125