0 0.22265625 0.96484375 0.4453125 0.0703125
0 0.953125 0.9609375 0.09375 0.07421875
0 0.67578125 0.9609375 0.4453125 0.07421875
0 0.953125 0.7578125 0.09375 0.12890625
0 0.22265625 0.76171875 0.4453125 0.140625
0 0.671875 0.7578125 0.4453125 0.13671875
0 0.21875 0.58203125 0.4375 0.1328125
0 0.953125 0.578125 0.09375 0.12890625
0 0.671875 0.578125 0.44921875 0.1328125
0 0.21875 0.3515625 0.4375 0.13671875
0 0.6640625 0.3515625 0.44921875 0.13671875
0 0.94921875 0.34375 0.1015625 0.1328125
0 0.9453125 0.07421875 0.10546875 0.1328125
0 0.6640625 0.078125 0.44921875 0.13671875
0 0.21875 0.078125 0.43359375 0.13671875