0 0.671875 0.8515625 0.296875 0.16015625
0 0.90625 0.77734375 0.18359375 0.1328125
0 0.640625 0.7421875 0.29296875 0.16015625
0 0.6015625 0.62890625 0.2890625 0.15625
0 0.875 0.5390625 0.25 0.14453125
0 0.5625 0.5078125 0.29296875 0.15234375
0 0.859375 0.41796875 0.28125 0.1484375
0 0.53125 0.3984375 0.29296875 0.15625
0 0.49609375 0.28125 0.296875 0.15625
0 0.8125 0.1875 0.3359375 0.16015625
0 0.4609375 0.171875 0.29296875 0.15625
0 0.984375 0.0234375 0.03125 0.046875
0 0.78125 0.078125 0.33203125 0.15625
0 0.42578125 0.06640625 0.296875 0.1328125
0 0.30078125 0.01171875 0.078125 0.0234375