0 0.73046875 0.9453125 0.453125 0.1015625
0 0.2734375 0.9453125 0.45703125 0.1015625
0 0.98046875 0.9453125 0.0390625 0.10546875
0 0.265625 0.73828125 0.44921875 0.140625
0 0.9765625 0.7265625 0.046875 0.13671875
0 0.72265625 0.734375 0.453125 0.14453125
0 0.2734375 0.1953125 0.4453125 0.13671875
0 0.98046875 0.1875 0.0390625 0.12890625
0 0.7265625 0.19140625 0.44921875 0.1328125
0 0.828125 0.0390625 0.203125 0.078125
0 0.46875 0.0390625 0.19921875 0.078125
0 0.1953125 0.04296875 0.203125 0.0859375