0 0.015625 0.28515625 0.03125 0.1328125
0 0.03125 0.73828125 0.0625 0.2109375
0 0.0546875 0.4765625 0.10546875 0.21484375
0 0.0625 0.9296875 0.11328125 0.140625
0 0.0859375 0.04296875 0.09375 0.0859375
0 0.109375 0.703125 0.11328125 0.203125
0 0.140625 0.20703125 0.12109375 0.2109375
0 0.17578125 0.912109375 0.125 0.17578125
0 0.1953125 0.025390625 0.08203125 0.05078125
0 0.203125 0.43359375 0.13671875 0.21875
0 0.25 0.171875 0.1171875 0.21484375
0 0.2734375 0.65625 0.12109375 0.2109375
0 0.3125 0.40234375 0.1328125 0.21875
0 0.34375 0.88671875 0.13671875 0.2265625
0 0.390625 0.64453125 0.109375 0.171875
0 0.40625 0.12890625 0.11328125 0.2109375
0 0.46875 0.34765625 0.1328125 0.2109375
0 0.515625 0.09765625 0.11328125 0.1953125
0 0.53125 0.5703125 0.12890625 0.21484375
0 0.58203125 0.30859375 0.1328125 0.2109375
0 0.60546875 0.8046875 0.140625 0.22265625
0 0.66015625 0.9609375 0.09375 0.07421875
0 0.6484375 0.53515625 0.12890625 0.2109375
0 0.68359375 0.0703125 0.109375 0.140625
0 0.71875 0.765625 0.12890625 0.22265625
0 0.7421875 0.265625 0.1328125 0.21484375
0 0.77734375 0.9453125 0.1015625 0.109375
0 0.80078125 0.0546875 0.09375 0.109375
0 0.8125 0.4921875 0.12109375 0.20703125
0 0.859375 0.23046875 0.14453125 0.21875
0 0.87890625 0.72265625 0.1328125 0.21875
0 0.9296875 0.453125 0.1328125 0.21484375
0 0.94921875 0.921875 0.1015625 0.15625
0 0.9609375 0.6875 0.07421875 0.22265625
0 0.974609375 0.171875 0.05078125 0.17578125
0 0.9609375 0.03125 0.078125 0.0625