0 0.8125 0.90625 0.12109375 0.1875
0 0.8671875 0.6875 0.25390625 0.62109375
0 0.69140625 0.1328125 0.1484375 0.265625
0 0.6953125 0.546875 0.15625 0.3359375
0 0.66015625 0.9296875 0.1015625 0.13671875
0 0.5546875 0.09375 0.125 0.1875
0 0.5546875 0.58984375 0.15234375 0.3203125
0 0.44140625 0.75390625 0.2109375 0.4921875
0 0.40234375 0.1171875 0.140625 0.234375
0 0.30859375 0.7734375 0.2109375 0.453125
0 0.265625 0.1953125 0.18359375 0.38671875
0 0.19921875 0.787109375 0.203125 0.42578125
0 0.1328125 0.21875 0.19921875 0.4375
0 0.0625 0.25 0.125 0.421875
0 0.07421875 0.74609375 0.1484375 0.328125
0 0.02734375 0.91015625 0.0546875 0.1796875