0 0.99609375 0.0078125 0.0078125 0.015625
0 0.9921875 0.9765625 0.015625 0.046875
0 0.96875 0.3125 0.0625 0.21875
0 0.95703125 0.81640625 0.0859375 0.21875
0 0.9140625 0.984375 0.08203125 0.02734375
0 0.9296875 0.09375 0.12890625 0.1875
0 0.91015625 0.59375 0.125 0.21875
0 0.8671875 0.8515625 0.140625 0.22265625
0 0.84375 0.359375 0.1328125 0.22265625
0 0.796875 0.625 0.125 0.21484375
0 0.7734375 0.1328125 0.13671875 0.21484375
0 0.71484375 0.0078125 0.0546875 0.015625
0 0.7265625 0.3984375 0.12890625 0.21484375
0 0.70703125 0.89453125 0.140625 0.2109375
0 0.6640625 0.171875 0.1328125 0.20703125
0 0.6328125 0.6796875 0.12109375 0.21484375
0 0.61328125 0.025390625 0.09375 0.05078125
0 0.59375 0.9140625 0.12890625 0.16796875
0 0.5703125 0.4453125 0.12890625 0.21875
0 0.52734375 0.71875 0.1171875 0.2109375
0 0.5 0.21875 0.11328125 0.20703125
0 0.44140625 0.03125 0.09375 0.0625
0 0.4609375 0.484375 0.1328125 0.22265625
0 0.42578125 0.9375 0.1171875 0.125
0 0.390625 0.25 0.125 0.21875
0 0.3671875 0.765625 0.125 0.20703125
0 0.33203125 0.0703125 0.1171875 0.13671875
0 0.30859375 0.95703125 0.109375 0.0859375
0 0.30078125 0.53125 0.125 0.22265625
0 0.25390625 0.796875 0.125 0.2109375
0 0.234375 0.296875 0.12890625 0.21484375
0 0.18359375 0.5625 0.125 0.21875
0 0.16796875 0.97265625 0.09375 0.0546875
0 0.1640625 0.09375 0.12890625 0.18359375
0 0.1328125 0.328125 0.12109375 0.21484375
0 0.12109375 0.8359375 0.1171875 0.20703125
0 0.06640625 0.9921875 0.0625 0.015625
0 0.046875 0.0703125 0.08984375 0.140625
0 0.00390625 0.71875 0.0078125 0.02734375
0 0.0390625 0.8671875 0.07421875 0.2109375