0 0.86328125 0.953125 0.25 0.08984375
0 0.46875 0.9453125 0.33203125 0.109375
0 0.12109375 0.943359375 0.2421875 0.11328125
0 0.828125 0.859375 0.24609375 0.12890625
0 0.4375 0.8515625 0.33203125 0.15625
0 0.1015625 0.8046875 0.19921875 0.125
0 0.796875 0.74609375 0.25390625 0.125
0 0.9765625 0.6796875 0.04296875 0.07421875
0 0.078125 0.6875 0.15625 0.109375
0 0.39453125 0.70703125 0.3359375 0.1640625
0 0.75390625 0.59765625 0.25 0.1328125
0 0.0625 0.56640625 0.125 0.09375
0 0.359375 0.59375 0.33203125 0.15625
0 0.9609375 0.53125 0.078125 0.08203125
0 0.71875 0.48828125 0.24609375 0.1328125
0 0.328125 0.484375 0.33203125 0.16015625
0 0.0390625 0.4296875 0.078125 0.0859375
0 0.94140625 0.421875 0.1171875 0.10546875
0 0.6796875 0.375 0.25390625 0.12890625
0 0.28125 0.34765625 0.33203125 0.15625
0 0.0234375 0.3046875 0.046875 0.07421875
0 0.921875 0.296875 0.15625 0.11328125
0 0.0078125 0.203125 0.01171875 0.04296875
0 0.63671875 0.2421875 0.25 0.1328125
0 0.24609375 0.234375 0.3359375 0.1640625
0 0.8984375 0.15625 0.19921875 0.12109375
0 0.60546875 0.125 0.2578125 0.13671875
0 0.2109375 0.12109375 0.33984375 0.15625
0 0.8828125 0.05078125 0.23046875 0.1015625
0 0.5703125 0.0390625 0.25390625 0.07421875
0 0.125 0.03515625 0.23828125 0.0703125