0 0.96875 0.3515625 0.05859375 0.19921875
0 0.96875 0.7421875 0.0625 0.22265625
0 0.943359375 0.14453125 0.11328125 0.1875
0 0.9140625 0.44921875 0.171875 0.328125
0 0.87890625 0.83203125 0.1640625 0.328125
0 0.8359375 0.1796875 0.12890625 0.18359375
0 0.77734375 0.4921875 0.171875 0.33984375
0 0.765625 0.8515625 0.1640625 0.296875
0 0.69140625 0.22265625 0.125 0.1796875
0 0.6640625 0.5234375 0.1640625 0.33203125
0 0.640625 0.8671875 0.14453125 0.265625
0 0.578125 0.25390625 0.11328125 0.1796875
0 0.546875 0.55859375 0.171875 0.34375
0 0.5 0.8828125 0.1484375 0.23046875
0 0.4453125 0.21484375 0.15234375 0.328125
0 0.375 0.0234375 0.08203125 0.046875
0 0.4140625 0.6015625 0.16796875 0.3359375
0 0.3828125 0.90625 0.1328125 0.1875
0 0.3046875 0.2578125 0.16796875 0.32421875
0 0.296875 0.6328125 0.16796875 0.33203125
0 0.265625 0.921875 0.1171875 0.15234375
0 0.23828125 0.04296875 0.1015625 0.0859375
0 0.1953125 0.296875 0.16796875 0.32421875
0 0.1796875 0.671875 0.16796875 0.3359375
0 0.1171875 0.0625 0.109375 0.12109375
0 0.1171875 0.943359375 0.109375 0.11328125
0 0.03125 0.07421875 0.05859375 0.1484375
0 0.078125 0.328125 0.15625 0.328125
0 0.015625 0.4765625 0.03125 0.10546875
0 0.0625 0.71484375 0.125 0.328125