0 0.0859375 0.51953125 0.08984375 0.9609375
0 0.171875 0.51953125 0.0859375 0.9609375
0 0.25390625 0.10546875 0.078125 0.1328125
0 0.26171875 0.5 0.0859375 0.52734375
0 0.26953125 0.9140625 0.078125 0.16796875
0 0.3515625 0.515625 0.08203125 0.96484375
0 0.44140625 0.515625 0.0859375 0.96484375
0 0.54296875 0.515625 0.0859375 0.96484375
0 0.625 0.1171875 0.078125 0.1640625
0 0.6328125 0.6171875 0.08203125 0.765625
0 0.71484375 0.1953125 0.078125 0.32421875
0 0.72265625 0.734375 0.0859375 0.53125
0 0.80859375 0.515625 0.0859375 0.96484375
0 0.8984375 0.515625 0.08984375 0.96484375
0 0.99609375 0.1953125 0.0078125 0.33203125