0 0.7265625 0.921875 0.125 0.15625
0 0.6484375 0.6640625 0.16015625 0.33203125
0 0.546875 0.3203125 0.16015625 0.328125
0 0.4921875 0.953125 0.09375 0.08984375
0 0.4609375 0.078125 0.109375 0.15234375
0 0.4453125 0.7265625 0.1640625 0.33203125
0 0.375 0.97265625 0.0859375 0.0546875
0 0.34375 0.3828125 0.1640625 0.328125
0 0.3359375 0.765625 0.17578125 0.33203125
0 0.25390625 0.10546875 0.140625 0.2109375
0 0.2265625 0.41796875 0.1640625 0.328125
0 0.22265625 0.796875 0.171875 0.3359375
0 0.1328125 0.125 0.15234375 0.24609375
0 0.1171875 0.453125 0.1640625 0.32421875
0 0.046875 0.140625 0.09375 0.28125
0 0.03125 0.5390625 0.05859375 0.21484375
0 0.0859375 0.8359375 0.16796875 0.328125
0 0.0234375 0.9296875 0.04296875 0.13671875