0 0.953125 0.62109375 0.08984375 0.7265625
0 0.9453125 0.125 0.09375 0.24609375
0 0.8359375 0.75 0.08984375 0.36328125
0 0.828125 0.234375 0.08984375 0.36328125
0 0.7265625 0.625 0.09765625 0.7265625
0 0.71875 0.125 0.0859375 0.24609375
0 0.6171875 0.62890625 0.08984375 0.7265625
0 0.6015625 0.125 0.08984375 0.25
0 0.5 0.7578125 0.09765625 0.36328125
0 0.4921875 0.24609375 0.08984375 0.3671875
0 0.390625 0.6328125 0.09375 0.73046875
0 0.37890625 0.125 0.0859375 0.25
0 0.25 0.6328125 0.09375 0.73046875
0 0.2421875 0.12890625 0.0859375 0.2578125
0 0.140625 0.765625 0.08984375 0.37109375
0 0.1328125 0.2578125 0.09375 0.3671875
0 0.03125 0.1328125 0.0625 0.26171875
0 0.0390625 0.640625 0.078125 0.71875