0 0.0078125 0.98046875 0.01171875 0.0390625
0 0.0078125 0.0234375 0.015625 0.046875
0 0.03515625 0.6640625 0.0703125 0.2578125
0 0.05859375 0.2421875 0.1171875 0.33203125
0 0.08984375 0.01171875 0.0859375 0.0234375
0 0.078125 0.91015625 0.12890625 0.1796875
0 0.1484375 0.5859375 0.16015625 0.32421875
0 0.15625 0.203125 0.16796875 0.33984375
0 0.25 0.8828125 0.140625 0.234375
0 0.265625 0.546875 0.171875 0.328125
0 0.3125 0.16015625 0.16796875 0.3203125
0 0.3671875 0.8671875 0.15625 0.265625
0 0.421875 0.49609375 0.16796875 0.3359375
0 0.4296875 0.140625 0.16015625 0.27734375
0 0.53125 0.84375 0.16796875 0.3125
0 0.59375 0.1171875 0.14453125 0.234375
0 0.65234375 0.84375 0.15625 0.30078125
0 0.7109375 0.1015625 0.13671875 0.19921875
0 0.8046875 0.375 0.1640625 0.328125
0 0.8125 0.7890625 0.16015625 0.296875
0 0.8828125 0.9921875 0.06640625 0.015625
0 0.8828125 0.078125 0.12109375 0.15234375
0 0.9765625 0.97265625 0.046875 0.0546875
0 0.91796875 0.734375 0.1640625 0.33203125
0 0.9921875 0.5546875 0.01171875 0.03515625
0 0.9375 0.328125 0.12109375 0.33203125
0 0.99609375 0.1640625 0.0078125 0.02734375
0 0.9765625 0.05859375 0.046875 0.1171875