0 0.00390625 0.9609375 0.0078125 0.078125
0 0.00390625 0.328125 0.0078125 0.25
0 0.0078125 0.7265625 0.01171875 0.36328125
0 0.1171875 0.2265625 0.13671875 0.453125
0 0.12109375 0.7265625 0.1328125 0.54296875
0 0.3984375 0.2265625 0.1328125 0.453125
0 0.40625 0.953125 0.12890625 0.08984375
0 0.40625 0.6796875 0.13671875 0.44921875
0 0.64453125 0.671875 0.1328125 0.44921875
0 0.6484375 0.953125 0.12890625 0.09375
0 0.6484375 0.22265625 0.13671875 0.4453125
0 0.8203125 0.22265625 0.13671875 0.4453125
0 0.8203125 0.671875 0.13671875 0.44921875
0 0.828125 0.953125 0.1328125 0.09375
0 0.96875 0.953125 0.05859375 0.09375
0 0.96875 0.6796875 0.0625 0.44921875
0 0.96484375 0.22265625 0.0703125 0.4453125