0 0.6875 0.96875 0.20703125 0.05859375
0 0.0859375 0.9609375 0.171875 0.07421875
0 0.90625 0.9375 0.1875 0.125
0 0.359375 0.921875 0.328125 0.15234375
0 0.0703125 0.875 0.140625 0.12109375
0 0.640625 0.84765625 0.22265625 0.1328125
0 0.32421875 0.8125 0.328125 0.1640625
0 0.875 0.78125 0.20703125 0.12109375
0 0.9921875 0.71484375 0.01171875 0.03125
0 0.6015625 0.734375 0.22265625 0.13671875
0 0.8359375 0.671875 0.20703125 0.12890625
0 0.974609375 0.625 0.05078125 0.08984375
0 0.2890625 0.6484375 0.2890625 0.16015625
0 0.5546875 0.5703125 0.21484375 0.1328125
0 0.015625 0.5234375 0.03125 0.078125
0 0.2578125 0.5390625 0.2890625 0.15234375
0 0.7890625 0.5078125 0.2109375 0.11328125
0 0.953125 0.453125 0.09375 0.10546875
0 0.515625 0.4609375 0.21875 0.12890625
0 0.20703125 0.4296875 0.328125 0.16015625
0 0.75 0.390625 0.21484375 0.1171875
0 0.93359375 0.3359375 0.1328125 0.12890625
0 0.484375 0.328125 0.22265625 0.1328125
0 0.1875 0.31640625 0.29296875 0.15625
0 0.7109375 0.2578125 0.203125 0.12109375
0 0.4453125 0.2109375 0.21484375 0.1328125
0 0.9140625 0.1953125 0.171875 0.125
0 0.15625 0.19921875 0.28515625 0.1484375
0 0.6796875 0.140625 0.2109375 0.12109375
0 0.89453125 0.0859375 0.2109375 0.13671875
0 0.82421875 0.015625 0.109375 0.03125
0 0.64453125 0.046875 0.2109375 0.08984375