0 0.046875 0.14453125 0.08984375 0.2890625
0 0.05859375 0.6640625 0.09375 0.671875
0 0.15625 0.140625 0.08984375 0.28125
0 0.1640625 0.662109375 0.09765625 0.67578125
0 0.2734375 0.640625 0.078125 0.12109375
0 0.28125 0.9609375 0.08203125 0.07421875
0 0.37890625 0.140625 0.0859375 0.28125
0 0.38671875 0.66015625 0.1015625 0.6796875
0 0.515625 0.140625 0.08203125 0.27734375
0 0.5234375 0.65625 0.09375 0.68359375
0 0.64453125 0.6328125 0.0859375 0.1328125
0 0.6484375 0.95703125 0.0859375 0.0859375
0 0.75 0.1328125 0.08984375 0.265625
0 0.7578125 0.65625 0.09765625 0.6875
0 0.859375 0.1328125 0.08984375 0.265625
0 0.8671875 0.65625 0.09375 0.6875