0 0.90625 0.9609375 0.1875 0.078125
0 0.58203125 0.9609375 0.4453125 0.078125
0 0.17578125 0.9609375 0.3515625 0.078125
0 0.17578125 0.75 0.3515625 0.1328125
0 0.578125 0.7421875 0.4453125 0.13671875
0 0.90625 0.7421875 0.1875 0.13671875
0 0.171875 0.5703125 0.34375 0.1328125
0 0.8984375 0.5625 0.19921875 0.12890625
0 0.578125 0.5703125 0.44921875 0.13671875
0 0.171875 0.33984375 0.34375 0.1328125
0 0.578125 0.3359375 0.44921875 0.13671875
0 0.90234375 0.328125 0.1953125 0.12890625
0 0.171875 0.0703125 0.34375 0.1328125
0 0.8984375 0.0625 0.19921875 0.125
0 0.5703125 0.06640625 0.44921875 0.1328125