0 0.9609375 0.22265625 0.07421875 0.2421875
0 0.9375 0.046875 0.10546875 0.09375
0 0.890625 0.30078125 0.17578125 0.3359375
0 0.8203125 0.06640625 0.11328125 0.1328125
0 0.77734375 0.3359375 0.171875 0.33984375
0 0.6953125 0.08203125 0.1171875 0.1640625
0 0.640625 0.3828125 0.171875 0.33203125
0 0.5390625 0.4140625 0.16796875 0.33984375
0 0.4453125 0.119140625 0.13671875 0.23828125
0 0.421875 0.4453125 0.16796875 0.33203125
0 0.3359375 0.4765625 0.17578125 0.33984375
0 0.21875 0.5078125 0.1796875 0.3359375
0 0.12109375 0.2109375 0.1484375 0.25390625
0 0.1015625 0.5390625 0.171875 0.33984375
0 0.0390625 0.625 0.07421875 0.24609375