0 0.0078125 0.181640625 0.01171875 0.36328125
0 0.0078125 0.912109375 0.015625 0.17578125
0 0.0078125 0.59375 0.015625 0.4453125
0 0.125 0.1796875 0.1328125 0.359375
0 0.12890625 0.59375 0.1328125 0.4453125
0 0.1328125 0.91015625 0.1328125 0.1796875
0 0.40625 0.1796875 0.12890625 0.359375
0 0.4140625 0.58984375 0.12890625 0.4453125
0 0.41796875 0.91015625 0.1328125 0.1796875
0 0.65234375 0.1796875 0.1328125 0.359375
0 0.65625 0.5859375 0.13671875 0.45703125
0 0.65625 0.90625 0.13671875 0.18359375
0 0.828125 0.578125 0.13671875 0.44921875
0 0.828125 0.17578125 0.13671875 0.3515625
0 0.8359375 0.90625 0.1328125 0.1875
0 0.974609375 0.90625 0.05078125 0.1875
0 0.96875 0.58203125 0.05859375 0.4453125
0 0.96875 0.17578125 0.05859375 0.3515625