0 0.328125 0.98828125 0.65234375 0.0234375
0 0.875 0.984375 0.24609375 0.03125
0 0.328125 0.921875 0.65234375 0.0859375
0 0.875 0.91015625 0.24609375 0.0703125
0 0.1796875 0.7890625 0.35546875 0.07421875
0 0.51953125 0.78125 0.25 0.0703125
0 0.875 0.7734375 0.24609375 0.0703125
0 0.3203125 0.6953125 0.640625 0.0703125
0 0.875 0.6875 0.24609375 0.06640625
0 0.03515625 0.609375 0.0703125 0.0625
0 0.3984375 0.609375 0.484375 0.06640625
0 0.84375 0.59375 0.2109375 0.06640625
0 0.03125 0.5234375 0.0625 0.0625
0 0.390625 0.515625 0.48828125 0.06640625
0 0.84375 0.5078125 0.20703125 0.0625
0 0.3203125 0.4296875 0.63671875 0.078125
0 0.8671875 0.421875 0.26171875 0.0703125
0 0.31640625 0.33984375 0.6328125 0.078125
0 0.8671875 0.32421875 0.26171875 0.0625
0 0.31640625 0.25 0.6328125 0.07421875
0 0.8671875 0.2421875 0.26171875 0.06640625
0 0.53125 0.16015625 0.19921875 0.0625
0 0.17578125 0.1640625 0.3515625 0.0703125
0 0.921875 0.15234375 0.15625 0.0703125
0 0.3125 0.078125 0.625 0.078125
0 0.8671875 0.0625 0.26171875 0.06640625
0 0.8671875 0.00390625 0.26171875 0.0078125
0 0.3125 0.015625 0.625 0.02734375