0 0.03125 0.9765625 0.0625 0.04296875
0 0.296875 0.9765625 0.44921875 0.046875
0 0.98828125 0.97265625 0.0234375 0.0546875
0 0.75 0.97265625 0.4453125 0.0546875
0 0.03125 0.78515625 0.0625 0.1328125
0 0.2890625 0.78125 0.44921875 0.13671875
0 0.9921875 0.7734375 0.015625 0.12109375
0 0.75 0.77734375 0.44921875 0.1328125
0 0.03125 0.609375 0.0625 0.12890625
0 0.2890625 0.6015625 0.453125 0.13671875
0 0.7421875 0.6015625 0.44921875 0.13671875
0 0.984375 0.59375 0.02734375 0.1328125
0 0.025390625 0.375 0.05078125 0.12890625
0 0.984375 0.3671875 0.03125 0.125
0 0.73828125 0.37109375 0.4453125 0.1328125
0 0.2890625 0.37109375 0.44921875 0.1328125
0 0.025390625 0.1015625 0.05078125 0.1328125
0 0.28515625 0.09765625 0.4453125 0.1328125
0 0.984375 0.09375 0.02734375 0.12890625
0 0.7421875 0.09375 0.44921875 0.13671875