0 0.859375 0.890625 0.12890625 0.21875
0 0.80078125 0.7109375 0.109375 0.13671875
0 0.7421875 0.91015625 0.1171875 0.1796875
0 0.6875 0.7421875 0.1015625 0.1328125
0 0.5859375 0.9296875 0.10546875 0.13671875
0 0.5390625 0.7890625 0.09765625 0.13671875
0 0.46875 0.94921875 0.09375 0.1015625
0 0.4296875 0.82421875 0.1015625 0.1328125
0 0.34375 0.96484375 0.08984375 0.0703125
0 0.3125 0.85546875 0.10546875 0.1328125
0 0.2109375 0.984375 0.078125 0.03125
0 0.1796875 0.8984375 0.109375 0.14453125
0 0.06640625 0.9296875 0.1015625 0.13671875