0 0.8984375 0.96875 0.19921875 0.0625
0 0.5078125 0.94921875 0.32421875 0.1015625
0 0.1484375 0.94140625 0.296875 0.1171875
0 0.83984375 0.875 0.3203125 0.17578125
0 0.46875 0.859375 0.32421875 0.16796875
0 0.12890625 0.84375 0.2578125 0.16015625
0 0.8046875 0.7578125 0.3359375 0.16796875
0 0.4375 0.75 0.32421875 0.16015625
0 0.9921875 0.671875 0.01171875 0.04296875
0 0.109375 0.69921875 0.21484375 0.140625
0 0.7734375 0.640625 0.33984375 0.17578125
0 0.9765625 0.57421875 0.046875 0.0859375
0 0.39453125 0.609375 0.328125 0.16015625
0 0.09375 0.578125 0.18359375 0.13671875
0 0.359375 0.5 0.328125 0.15234375
0 0.734375 0.5078125 0.34765625 0.17578125
0 0.07421875 0.46484375 0.1484375 0.1171875
0 0.953125 0.43359375 0.08984375 0.1015625
0 0.6953125 0.39453125 0.33984375 0.171875
0 0.328125 0.3828125 0.32421875 0.16796875
0 0.9375 0.31640625 0.12109375 0.1015625
0 0.0546875 0.3203125 0.109375 0.109375
0 0.6640625 0.27734375 0.33984375 0.1796875
0 0.28125 0.24609375 0.33203125 0.1640625
0 0.03515625 0.203125 0.0703125 0.09375
0 0.921875 0.19140625 0.15625 0.1171875
0 0.62109375 0.13671875 0.3359375 0.1640625
0 0.25 0.1328125 0.32421875 0.16015625
0 0.015625 0.08203125 0.03125 0.078125
0 0.890625 0.05859375 0.1796875 0.1171875
0 0.7890625 0.00390625 0.015625 0.0078125
0 0.5859375 0.05859375 0.33984375 0.1171875
0 0.2109375 0.05078125 0.3203125 0.1015625