0 0.25390625 0.15625 0.171875 0.30859375
0 0.3515625 0.4921875 0.15625 0.31640625
0 0.3671875 0.13671875 0.16015625 0.2734375
0 0.44921875 0.828125 0.15625 0.328125
0 0.46484375 0.453125 0.15625 0.32421875
0 0.484375 0.119140625 0.14453125 0.23828125
0 0.5625 0.796875 0.15234375 0.32421875
0 0.57421875 0.4140625 0.1484375 0.328125
0 0.625 0.984375 0.08203125 0.02734375
0 0.6171875 0.1015625 0.12890625 0.203125
0 0.671875 0.76171875 0.15625 0.3203125
0 0.6953125 0.3828125 0.15234375 0.31640625
0 0.7421875 0.96875 0.08984375 0.05859375
0 0.73046875 0.0859375 0.125 0.171875
0 0.796875 0.7265625 0.1640625 0.31640625
0 0.8125 0.34375 0.15234375 0.31640625
0 0.8515625 0.06640625 0.10546875 0.1328125
0 0.8671875 0.953125 0.09765625 0.09375
0 0.91015625 0.69140625 0.1640625 0.328125
0 0.96484375 0.9375 0.0703125 0.125
0 0.96875 0.59375 0.05859375 0.19140625
0 0.92578125 0.3125 0.1484375 0.30859375
0 0.99609375 0.1328125 0.0078125 0.02734375
0 0.98046875 0.04296875 0.0390625 0.0859375