0 0.28125 0.953125 0.15234375 0.09375
0 0.4296875 0.9296875 0.16796875 0.140625
0 0.5859375 0.90625 0.18359375 0.1875
0 0.734375 0.8828125 0.19921875 0.234375
0 0.875 0.859375 0.19921875 0.26953125
0 0.9609375 0.8203125 0.078125 0.2578125
0 0.21484375 0.7421875 0.1953125 0.265625
0 0.359375 0.6953125 0.1953125 0.265625
0 0.5 0.65234375 0.1875 0.265625
0 0.640625 0.609375 0.19140625 0.26171875
0 0.7890625 0.5625 0.19140625 0.26171875
0 0.91796875 0.51953125 0.1640625 0.265625
0 0.98828125 0.41796875 0.0234375 0.078125
0 0.12109375 0.43359375 0.1875 0.2578125
0 0.265625 0.38671875 0.1953125 0.2578125
0 0.40625 0.34375 0.19140625 0.26953125
0 0.55078125 0.30078125 0.1953125 0.265625
0 0.69140625 0.2578125 0.1953125 0.26953125
0 0.8359375 0.20703125 0.1953125 0.265625
0 0.94140625 0.16796875 0.1171875 0.265625
0 0.06640625 0.1328125 0.1328125 0.2578125
0 0.78515625 0.0234375 0.140625 0.04296875
0 0.6328125 0.046875 0.15234375 0.09375
0 0.484375 0.0703125 0.16015625 0.13671875
0 0.3359375 0.08984375 0.171875 0.1796875
0 0.18359375 0.109375 0.1875 0.21484375