0 0.53125 0.98046875 0.73046875 0.0390625
0 0.96875 0.9765625 0.05859375 0.046875
0 0.96875 0.890625 0.0625 0.08203125
0 0.53125 0.89453125 0.73046875 0.09375
0 0.2890625 0.7890625 0.24609375 0.08203125
0 0.67578125 0.77734375 0.125 0.078125
0 0.9765625 0.7734375 0.046875 0.08203125
0 0.53125 0.6796875 0.73046875 0.09375
0 0.96875 0.6640625 0.0625 0.08203125
0 0.5234375 0.55078125 0.73046875 0.1015625
0 0.96484375 0.53515625 0.0703125 0.078125
0 0.27734375 0.4375 0.234375 0.08984375
0 0.984375 0.4140625 0.03125 0.078125
0 0.5234375 0.3125 0.73046875 0.09765625
0 0.9609375 0.296875 0.07421875 0.08984375
0 0.9609375 0.1875 0.07421875 0.08203125
0 0.5234375 0.1953125 0.73046875 0.1015625