0 0.9921875 0.21875 0.01171875 0.4375
0 0.91015625 0.84375 0.0859375 0.30859375
0 0.8984375 0.328125 0.09765625 0.65234375
0 0.8046875 0.84375 0.0859375 0.30859375
0 0.79296875 0.328125 0.09375 0.65234375
0 0.671875 0.32421875 0.08203125 0.125
0 0.6640625 0.03125 0.08203125 0.05859375
0 0.5703125 0.849609375 0.08984375 0.30078125
0 0.5625 0.328125 0.09765625 0.65625
0 0.43359375 0.8515625 0.0859375 0.296875
0 0.421875 0.328125 0.09765625 0.65625
0 0.3046875 0.328125 0.0859375 0.12890625
0 0.296875 0.03125 0.08203125 0.05859375
0 0.20703125 0.8515625 0.0859375 0.29296875
0 0.1953125 0.3359375 0.09765625 0.66796875
0 0.08984375 0.85546875 0.0859375 0.2890625
0 0.08203125 0.3359375 0.1015625 0.671875