0 0.046875 0.94140625 0.08984375 0.1171875
0 0.15625 0.92578125 0.1171875 0.1484375
0 0.296875 0.90234375 0.12890625 0.1953125
0 0.41015625 0.890625 0.1484375 0.21875
0 0.4453125 0.19140625 0.14453125 0.3359375
0 0.546875 0.5390625 0.14453125 0.2890625
0 0.5546875 0.1640625 0.1640625 0.32421875
0 0.6484375 0.85546875 0.15625 0.2890625
0 0.6640625 0.5 0.16015625 0.29296875
0 0.71484375 0.1328125 0.1484375 0.265625
0 0.8203125 0.45703125 0.1484375 0.2890625
0 0.8359375 0.12109375 0.14453125 0.2421875
0 0.87890625 0.80078125 0.1640625 0.3359375
0 0.9375 0.984375 0.078125 0.02734375
0 0.953125 0.75 0.08984375 0.30859375
0 0.9296875 0.421875 0.140625 0.28515625
0 0.96875 0.09375 0.0625 0.1875