0 0.3828125 0.974609375 0.17578125 0.05078125
0 0.0234375 0.9296875 0.046875 0.078125
0 0.63671875 0.9296875 0.25 0.12890625
0 0.0078125 0.8203125 0.015625 0.05078125
0 0.91015625 0.84765625 0.1796875 0.1171875
0 0.24609375 0.86328125 0.3359375 0.15625
0 0.5859375 0.7578125 0.25390625 0.13671875
0 0.21484375 0.75 0.328125 0.15234375
0 0.8828125 0.6640625 0.234375 0.12890625
0 0.55078125 0.640625 0.2578125 0.13671875
0 0.1796875 0.6328125 0.33984375 0.15234375
0 0.8671875 0.546875 0.265625 0.13671875
0 0.515625 0.53125 0.2578125 0.12890625
0 0.15234375 0.5 0.3046875 0.15234375
0 0.84375 0.4296875 0.30859375 0.14453125
0 0.4765625 0.3984375 0.25390625 0.140625
0 0.1328125 0.3828125 0.265625 0.140625
0 0.8203125 0.296875 0.3359375 0.15234375
0 0.4453125 0.28515625 0.25390625 0.1328125
0 0.1171875 0.265625 0.234375 0.12890625
0 0.78125 0.1796875 0.33984375 0.15625
0 0.40625 0.171875 0.25390625 0.13671875
0 0.09375 0.11328125 0.18359375 0.125
0 0.9921875 0.01171875 0.01171875 0.0234375
0 0.75 0.0703125 0.33984375 0.140625
0 0.3671875 0.046875 0.26171875 0.09375
0 0.07421875 0.0234375 0.1484375 0.046875