0 0.1171875 0.875 0.0859375 0.25
0 0.109375 0.359375 0.1015625 0.71875
0 0.2109375 0.359375 0.09765625 0.71875
0 0.2265625 0.87109375 0.08984375 0.2578125
0 0.3125 0.0625 0.0859375 0.12109375
0 0.3203125 0.41015625 0.08203125 0.125
0 0.4296875 0.35546875 0.09765625 0.7109375
0 0.44140625 0.8671875 0.0859375 0.26171875
0 0.5859375 0.3515625 0.09765625 0.703125
0 0.6015625 0.8671875 0.08984375 0.265625
0 0.6953125 0.0546875 0.078125 0.109375
0 0.70703125 0.41796875 0.078125 0.125
0 0.80859375 0.3515625 0.1015625 0.69921875
0 0.81640625 0.8671875 0.09375 0.265625
0 0.9140625 0.3515625 0.09375 0.69921875
0 0.921875 0.8671875 0.08984375 0.265625