0 0.0078125 0.8984375 0.015625 0.0546875
0 0.1875 0.828125 0.3359375 0.171875
0 0.53125 0.72265625 0.33984375 0.171875
0 0.1484375 0.64453125 0.296875 0.1640625
0 0.8515625 0.625 0.29296875 0.15234375
0 0.1328125 0.5234375 0.26171875 0.15234375
0 0.8359375 0.5078125 0.32421875 0.15625
0 0.4609375 0.4921875 0.33984375 0.1640625
0 0.11328125 0.40625 0.2265625 0.13671875
0 0.80859375 0.390625 0.328125 0.16015625
0 0.4296875 0.3828125 0.33984375 0.16796875
0 0.765625 0.2734375 0.3203125 0.16015625
0 0.96875 0.234375 0.05859375 0.09375
0 0.078125 0.1953125 0.15625 0.1171875
0 0.734375 0.1640625 0.32421875 0.15234375
0 0.3515625 0.15625 0.33984375 0.16796875
0 0.953125 0.1171875 0.08984375 0.1015625
0 0.0625 0.07421875 0.125 0.109375
0 0.6953125 0.0625 0.328125 0.125
0 0.546875 0.0078125 0.05078125 0.015625
0 0.3203125 0.06640625 0.33984375 0.1328125