0 0.3359375 0.7265625 0.65234375 0.078125
0 0.8828125 0.7109375 0.234375 0.07421875
0 0.328125 0.63671875 0.65625 0.0859375
0 0.880859375 0.625 0.23828125 0.07421875
0 0.328125 0.546875 0.65625 0.08203125
0 0.880859375 0.53125 0.23828125 0.07421875
0 0.328125 0.4609375 0.65625 0.078125
0 0.87890625 0.453125 0.2421875 0.08203125
0 0.328125 0.37109375 0.65625 0.078125
0 0.875 0.359375 0.24609375 0.08203125
0 0.328125 0.28125 0.65625 0.078125
0 0.875 0.265625 0.25 0.06640625
0 0.328125 0.19140625 0.65625 0.078125
0 0.93359375 0.18359375 0.1328125 0.0703125
0 0.1875 0.10546875 0.375 0.0703125
0 0.55078125 0.1015625 0.203125 0.06640625
0 0.9296875 0.09375 0.13671875 0.06640625
0 0.875 0.015625 0.24609375 0.03125
0 0.328125 0.02734375 0.65234375 0.0546875