0 0.265625 0.0078125 0.52734375 0.01171875
0 0.36328125 0.0859375 0.7265625 0.1484375
0 0.3671875 0.375 0.73046875 0.14453125
0 0.3671875 0.234375 0.73046875 0.14453125
0 0.3671875 0.671875 0.734375 0.14453125
0 0.3671875 0.5234375 0.734375 0.15234375
0 0.369140625 0.9453125 0.73828125 0.10546875
0 0.369140625 0.81640625 0.73828125 0.1484375
0 0.87890625 0.94140625 0.2421875 0.1171875
0 0.87890625 0.8046875 0.2421875 0.13671875
0 0.875 0.65625 0.24609375 0.140625
0 0.875 0.51171875 0.24609375 0.1328125
0 0.875 0.36328125 0.25 0.1328125
0 0.875 0.21875 0.25 0.13671875
0 0.875 0.07421875 0.25 0.140625