0 0.3125 0.97265625 0.625 0.0546875
0 0.8671875 0.96875 0.26171875 0.0625
0 0.3125 0.8359375 0.625 0.078125
0 0.8671875 0.8203125 0.265625 0.07421875
0 0.3125 0.7421875 0.625 0.07421875
0 0.86328125 0.734375 0.2734375 0.06640625
0 0.0234375 0.65625 0.04296875 0.0625
0 0.3125 0.65625 0.37109375 0.06640625
0 0.828125 0.640625 0.203125 0.07421875
0 0.19140625 0.5625 0.1328125 0.0625
0 0.01953125 0.5625 0.0390625 0.06640625
0 0.4140625 0.55859375 0.1640625 0.0625
0 0.828125 0.5546875 0.203125 0.0703125
0 0.3125 0.4765625 0.625 0.0703125
0 0.859375 0.46875 0.27734375 0.06640625
0 0.3125 0.375 0.625 0.08203125
0 0.859375 0.3671875 0.27734375 0.0703125
0 0.3125 0.2890625 0.62109375 0.08203125
0 0.859375 0.27734375 0.28125 0.0703125
0 0.3125 0.203125 0.62109375 0.08203125
0 0.859375 0.1953125 0.28125 0.07421875
0 0.30859375 0.11328125 0.6171875 0.078125
0 0.859375 0.1015625 0.28125 0.06640625
0 0.859375 0.025390625 0.28125 0.05078125
0 0.30859375 0.03125 0.6171875 0.0625