0 0.98046875 0.46875 0.0390625 0.73046875
0 0.9765625 0.03125 0.046875 0.05859375
0 0.890625 0.03125 0.08203125 0.0625
0 0.89453125 0.46875 0.09375 0.73046875
0 0.7890625 0.7109375 0.08203125 0.24609375
0 0.77734375 0.32421875 0.078125 0.125
0 0.7734375 0.0234375 0.08203125 0.046875
0 0.6796875 0.46875 0.09375 0.73046875
0 0.6640625 0.03125 0.08203125 0.0625
0 0.55078125 0.4765625 0.1015625 0.73046875
0 0.53515625 0.03515625 0.078125 0.0703125
0 0.4375 0.72265625 0.08984375 0.234375
0 0.4140625 0.015625 0.078125 0.03125
0 0.3125 0.4765625 0.09765625 0.73046875
0 0.296875 0.0390625 0.08984375 0.07421875
0 0.1875 0.0390625 0.08203125 0.07421875
0 0.1953125 0.4765625 0.1015625 0.73046875