0 0.0390625 0.9921875 0.078125 0.01171875
0 0.9375 0.984375 0.12109375 0.03125
0 0.4765625 0.984375 0.73046875 0.03125
0 0.0390625 0.890625 0.078125 0.0859375
0 0.4765625 0.8828125 0.734375 0.09765625
0 0.9375 0.875 0.125 0.08203125
0 0.0390625 0.7890625 0.078125 0.08203125
0 0.4765625 0.77734375 0.73046875 0.09375
0 0.9375 0.765625 0.125 0.08203125
0 0.0390625 0.6640625 0.07421875 0.08203125
0 0.3984375 0.65625 0.1328125 0.0859375
0 0.75 0.6484375 0.12890625 0.08203125
0 0.0390625 0.5546875 0.07421875 0.08203125
0 0.9375 0.5390625 0.125 0.078125
0 0.46875 0.546875 0.73046875 0.09375
0 0.03515625 0.4140625 0.0703125 0.08203125
0 0.46875 0.40625 0.73046875 0.09765625
0 0.93359375 0.39453125 0.1328125 0.0859375
0 0.03515625 0.296875 0.0703125 0.0859375
0 0.3984375 0.2890625 0.12109375 0.08203125
0 0.7421875 0.2734375 0.12890625 0.08203125
0 0.03125 0.1875 0.0625 0.0859375
0 0.4609375 0.17578125 0.73046875 0.1015625
0 0.9296875 0.1640625 0.13671875 0.08984375
0 0.03125 0.0703125 0.0625 0.0859375
0 0.9296875 0.0546875 0.140625 0.08203125
0 0.4609375 0.0625 0.73046875 0.1015625