0 0.0390625 0.25390625 0.078125 0.4453125
0 0.0390625 0.96875 0.078125 0.0625
0 0.0390625 0.7109375 0.078125 0.44921875
0 0.1796875 0.25390625 0.12890625 0.4453125
0 0.1875 0.70703125 0.125 0.4453125
0 0.19140625 0.96875 0.125 0.0625
0 0.375 0.24609375 0.1328125 0.453125
0 0.3828125 0.703125 0.12890625 0.44921875
0 0.38671875 0.96484375 0.125 0.0703125
0 0.6015625 0.2421875 0.1328125 0.44921875
0 0.609375 0.69921875 0.12890625 0.4453125
0 0.609375 0.96484375 0.12890625 0.0703125
0 0.78125 0.6953125 0.12890625 0.4453125
0 0.78125 0.2421875 0.1328125 0.4453125
0 0.7890625 0.9609375 0.12890625 0.07421875
0 0.9609375 0.9609375 0.078125 0.07421875
0 0.953125 0.6953125 0.08984375 0.44921875
0 0.953125 0.2421875 0.09375 0.4453125