0 0.34765625 0.9453125 0.6953125 0.09375
0 0.86328125 0.93359375 0.2734375 0.0859375
0 0.34375 0.83984375 0.6875 0.09375
0 0.859375 0.828125 0.27734375 0.0859375
0 0.056640625 0.7265625 0.11328125 0.0859375
0 0.4140625 0.71875 0.12890625 0.078125
0 0.34375 0.609375 0.68359375 0.09375
0 0.859375 0.59765625 0.28125 0.0859375
0 0.33984375 0.46875 0.6796875 0.08984375
0 0.859375 0.453125 0.28125 0.08984375
0 0.05078125 0.3515625 0.1015625 0.078125
0 0.390625 0.34375 0.125 0.0859375
0 0.337890625 0.2421875 0.67578125 0.09375
0 0.85546875 0.234375 0.2890625 0.08984375
0 0.3359375 0.125 0.671875 0.09765625
0 0.85546875 0.1171875 0.2890625 0.08984375
0 0.8515625 0.01171875 0.29296875 0.0234375
0 0.3359375 0.01953125 0.66796875 0.0390625