0 0.578125 0.974609375 0.16796875 0.05078125
0 0.1640625 0.9375 0.22265625 0.125
0 0.8359375 0.921875 0.328125 0.15234375
0 0.4453125 0.8515625 0.33203125 0.16796875
0 0.78515625 0.74609375 0.328125 0.1640625
0 0.3671875 0.75 0.41015625 0.1875
0 0.984375 0.68359375 0.03125 0.0859375
0 0.75 0.6328125 0.33203125 0.171875
0 0.375 0.625 0.33984375 0.16796875
0 0.9609375 0.56640625 0.07421875 0.09375
0 0.71875 0.515625 0.33984375 0.1640625
0 0.9453125 0.4453125 0.10546875 0.10546875
0 0.3125 0.42578125 0.3359375 0.1640625
0 0.27734375 0.3203125 0.328125 0.16015625
0 0.6640625 0.31640625 0.33203125 0.171875
0 0.9140625 0.234375 0.16796875 0.12109375
0 0.625 0.203125 0.33984375 0.17578125
0 0.89453125 0.11328125 0.2109375 0.1328125
0 0.10546875 0.025390625 0.1875 0.05078125