0 0.0859375 0.00390625 0.125 0.0078125
0 0.08984375 0.2421875 0.1328125 0.4453125
0 0.09765625 0.69921875 0.125 0.4609375
0 0.35546875 0.0078125 0.125 0.01171875
0 0.359375 0.2421875 0.12890625 0.44921875
0 0.3671875 0.69921875 0.13671875 0.453125
0 0.53125 0.00390625 0.11328125 0.0078125
0 0.5390625 0.23828125 0.1328125 0.453125
0 0.546875 0.6953125 0.125 0.45703125
0 0.7578125 0.00390625 0.12890625 0.0078125
0 0.76953125 0.6953125 0.125 0.453125
0 0.765625 0.234375 0.13671875 0.44921875
0 0.96875 0.6953125 0.05859375 0.4453125
0 0.96875 0.23828125 0.0625 0.4453125