0 0.1328125 0.1015625 0.11328125 0.19921875
0 0.2265625 0.4140625 0.1640625 0.33203125
0 0.30859375 0.078125 0.109375 0.15234375
0 0.3359375 0.75 0.125 0.19921875
0 0.4296875 0.05859375 0.09375 0.1171875
0 0.3984375 0.359375 0.16796875 0.328125
0 0.5078125 0.69921875 0.12109375 0.203125
0 0.54296875 0.0390625 0.0859375 0.078125
0 0.51171875 0.32421875 0.1640625 0.328125
0 0.6171875 0.6640625 0.12109375 0.203125
0 0.625 0.2890625 0.16015625 0.32421875
0 0.6796875 0.0234375 0.07421875 0.04296875
0 0.734375 0.625 0.12109375 0.20703125
0 0.75390625 0.2421875 0.15625 0.328125
0 0.8671875 0.5859375 0.11328125 0.203125
0 0.8671875 0.2109375 0.16015625 0.328125
0 0.9609375 0.546875 0.078125 0.19921875
0 0.953125 0.171875 0.09375 0.32421875