0 0.9921875 0.9609375 0.01171875 0.078125
0 0.984375 0.0625 0.03125 0.12109375
0 0.984375 0.5234375 0.03125 0.73046875
0 0.890625 0.9609375 0.0859375 0.078125
0 0.8828125 0.5234375 0.09765625 0.734375
0 0.875 0.0625 0.08203125 0.125
0 0.7890625 0.9609375 0.08203125 0.078125
0 0.77734375 0.5234375 0.09375 0.73046875
0 0.765625 0.0625 0.08203125 0.125
0 0.6640625 0.9609375 0.08203125 0.07421875
0 0.65625 0.6015625 0.0859375 0.1328125
0 0.6484375 0.25 0.08203125 0.12890625
0 0.5546875 0.9609375 0.08203125 0.07421875
0 0.5390625 0.0625 0.078125 0.125
0 0.546875 0.53125 0.09375 0.73046875
0 0.4140625 0.96484375 0.08203125 0.0703125
0 0.40625 0.53125 0.09765625 0.73046875
0 0.39453125 0.06640625 0.0859375 0.1328125
0 0.296875 0.96484375 0.0859375 0.0703125
0 0.2890625 0.6015625 0.08203125 0.12109375
0 0.2734375 0.2578125 0.08203125 0.12890625
0 0.1875 0.96875 0.0859375 0.0625
0 0.17578125 0.5390625 0.1015625 0.73046875
0 0.1640625 0.0703125 0.08984375 0.13671875
0 0.0703125 0.96875 0.0859375 0.0625
0 0.0546875 0.0703125 0.08203125 0.140625
0 0.0625 0.5390625 0.1015625 0.73046875