0 0.10546875 0.85546875 0.1484375 0.2890625
0 0.3984375 0.8515625 0.140625 0.29296875
0 0.25 0.8515625 0.13671875 0.29296875
0 0.83984375 0.8515625 0.140625 0.296875
0 0.6953125 0.8515625 0.13671875 0.296875
0 0.55078125 0.8515625 0.1328125 0.296875
0 0.9609375 0.849609375 0.078125 0.30078125
0 0.953125 0.34375 0.09375 0.68359375
0 0.828125 0.34375 0.1484375 0.68359375
0 0.6796875 0.34375 0.15234375 0.6875
0 0.5390625 0.34375 0.14453125 0.6875
0 0.390625 0.34375 0.14453125 0.6875
0 0.2421875 0.34375 0.14453125 0.6875
0 0.09375 0.34375 0.14453125 0.6875