0 0.9609375 0.09375 0.078125 0.1875
0 0.9609375 0.41796875 0.078125 0.4453125
0 0.9609375 0.82421875 0.078125 0.3515625
0 0.75 0.82421875 0.1328125 0.3515625
0 0.7421875 0.421875 0.13671875 0.4453125
0 0.7421875 0.09375 0.13671875 0.1875
0 0.5703125 0.828125 0.1328125 0.34375
0 0.5625 0.1015625 0.12890625 0.19921875
0 0.5703125 0.421875 0.13671875 0.44921875
0 0.33984375 0.828125 0.1328125 0.34375
0 0.3359375 0.421875 0.13671875 0.44921875
0 0.328125 0.09765625 0.12890625 0.1953125
0 0.0703125 0.828125 0.1328125 0.34375
0 0.0625 0.1015625 0.125 0.19921875
0 0.06640625 0.4296875 0.1328125 0.44921875