0 0.041015625 0.1748046875 0.125 0.1396484375 0.1103515625 0.099609375 0.01953125 0.1337890625 0.041015625 0.1748046875
0 0.134765625 0.1435546875 0.3095703125 0.078125 0.296875 0.0341796875 0.1181640625 0.09375 0.134765625 0.1435546875
0 0.345703125 0.0576171875 0.4267578125 0.02734375 0.427734375 0.0009765625 0.3251953125 0.013671875 0.345703125 0.0576171875
0 0.52734375 0.0009765625 0.4345703125 0 0.4453125 0.0341796875 0.52734375 0.0009765625
0 0.4013671875 0.1875 0.392578125 0.2001953125 0.4140625 0.2294921875 0.5771484375 0.16796875 0.587890625 0.1591796875 0.578125 0.1298828125 0.4013671875 0.1875
0 0.5390625 0.3603515625 0.5546875 0.3623046875 0.6484375 0.3232421875 0.6298828125 0.271484375 0.525390625 0.3154296875 0.5390625 0.3603515625
0 0.46875 0.3779296875 0.53125 0.3525390625 0.5205078125 0.31640625 0.451171875 0.3427734375 0.46875 0.3779296875
0 0.66015625 0.4052734375 0.681640625 0.3974609375 0.6611328125 0.349609375 0.634765625 0.3623046875 0.66015625 0.4052734375
0 0.54296875 0.5576171875 0.7060546875 0.486328125 0.697265625 0.4443359375 0.5185546875 0.509765625 0.54296875 0.5576171875
0 0.751953125 0.4775390625 0.92578125 0.3974609375 0.905226496875 0.356988409375 0.7265254062500001 0.4108150234375 0.751953125 0.4775390625
0 0.95703125 0.3916015625 0.96875 0.3916015625 1 0.3779296875 0.9990234375 0.318359375 0.939453125 0.3466796875 0.95703125 0.3916015625
0 0.802734375 0.6162109375 0.9794921875 0.546875 0.962890625 0.4931640625 0.7822265625 0.55859375 0.802734375 0.6162109375
0 0.583984375 0.6943359375 0.7587890625 0.625 0.748046875 0.5771484375 0.5634765625 0.642578125 0.583984375 0.6943359375
0 0.54296875 0.5576171875 0.7060546875 0.486328125 0.697265625 0.4443359375 0.5205078125 0.5078125 0.54296875 0.5576171875
0 0.498046875 0.5458984375 0.4814453125 0.5234375 0.2314453125 0.62109375 0.216796875 0.6455078125 0.234375 0.6669921875 0.3134765625 0.63671875 0.3251953125 0.646484375 0.4951171875 0.578125 0.498046875 0.5458984375
0 0.2705078125 0.7578125 0.26171875 0.7744140625 0.28515625 0.8115234375 0.5283203125 0.71484375 0.55078125 0.6982421875 0.5390625 0.6591796875 0.2705078125 0.7578125
0 0.1884765625 0.7890625 0.208984375 0.7802734375 0.1943359375 0.765625 0.0126953125 0.8359375 0.04296875 0.8447265625 0 0.8642578125 0.009765625 0.9033203125 0.0615234375 0.8984375 0.2294921875 0.83203125 0.21875 0.7861328125 0.1884765625 0.7890625
0 0.001953125 0.7705078125 0.1787109375 0.701171875 0.169921875 0.6572265625 0.0009765625 0.7109375 0.001953125 0.7705078125
0 0 0.5658358 0.1247550390625 0.5399989765625001 0.09461275 0.47756016093750003 0 0.5163153406250001 0 0.5658358
0 0.0078125 0.4951171875 0.0849609375 0.46484375 0.080078125 0.4267578125 0.0029296875 0.451171875 0.0078125 0.4951171875
0 0.00390625 0.3994140625 0.056640625 0.3740234375 0.0419921875 0.330078125 0 0.3447265625 0.00390625 0.3994140625
0 0.16796875 0.5068359375 0.251953125 0.4697265625 0.2333984375 0.42578125 0.14453125 0.4619140625 0.16796875 0.5068359375
0 0.2080078125 0.55078125 0.224609375 0.5791015625 0.3603515625 0.52734375 0.375 0.5048828125 0.3564453125 0.4921875 0.2080078125 0.55078125
0 0.3203125 0.4208984375 0.337890625 0.4111328125 0.3291015625 0.388671875 0.30859375 0.3974609375 0.3203125 0.4208984375