0 0.8909072359374999 0.7997289921874999 0.858683784375 0.8867891406249999 0.9004496609375 0.9046851124999999 0.9314578328125 0.810874465625 0.8909072359374999 0.7997289921874999
0 0.9459853359375 0.6097760765625 0.8866599624999999 0.79030511875 0.9370443890625 0.8025493359375 0.9903739781249999 0.618626671875 0.9459853359375 0.6097760765625
0 1 0.4872323734375 0.9926743078125 0.4881457921875 0.9652313625 0.5718490625 1 0.5848211671875 1 0.4872323734375
0 1 0.428728096875 0.9851904265625 0.470189171875 1 0.47351147656250003 1 0.428728096875
0 0.8848493875000001 0.345749609375 0.8552114890625001 0.3385471296875 0.8467975515624999 0.3500582609375 0.7909692015625 0.5185268015625 0.8210163265625001 0.5374480312500001 0.83340471875 0.5275482734375 0.8848493875000001 0.345749609375
0 0.7414404015625 0.3063803296875 0.6890346453125 0.29235386406249997 0.6532459671875 0.3895213890625 0.6557447296875 0.40497551249999997 0.7011440375 0.41471723281250006 0.7414404015625 0.3063803296875
0 0.6638300484374999 0.4121045078125 0.640621971875 0.47682589999999997 0.6763920625 0.49132825156250004 0.7003379859375001 0.419685484375 0.6638300484374999 0.4121045078125
0 0.6136564171875001 0.2656440375 0.6065941671874999 0.2878119171875 0.650449578125 0.3094432640625 0.662224128125 0.28196538125 0.6136564171875001 0.2656440375
0 0.523936671875 0.249004846875 0.45834269531249994 0.41832776875000005 0.507046815625 0.4385553625 0.5662357796874999 0.25412006875 0.523936671875 0.249004846875
0 0.6051308390625 0.0215034125 0.531122925 0.20233746562500002 0.5987349203125001 0.22192758750000002 0.6463211546875 0.038517278125 0.6051308390625 0.0215034125
0 0.44723007187499997 0 0.39067772968750003 0.1636884328125 0.449011065625 0.1791553953125 0.5058375734375 0 0.44723007187499997 0
0 0.383423271875 0.2084026890625 0.3201916484375 0.389273484375 0.372665609375 0.40525307499999996 0.43164995937499995 0.21495840624999998 0.383423271875 0.2084026890625
0 0.523936671875 0.249004846875 0.45834269531249994 0.41832776875000005 0.5089317359375001 0.4364313609375 0.5662357796874999 0.25412006875 0.523936671875 0.249004846875
0 0.494670828125 0.47686087187500004 0.4716301515625 0.4622243859375 0.43950589687499997 0.4679735328125 0.37708032343750003 0.643876078125 0.38725517656249997 0.654740446875 0.3597440265625 0.7364905921875 0.38184224375000003 0.7521890765625 0.4057447703125 0.7354046859375 0.494670828125 0.47686087187500004
0 0.35691660468749997 0.4311195859375 0.3174448765625 0.4228183625 0.3016276671875 0.4467317484375 0.21343945625 0.6983541875 0.25136728750000004 0.7185450375 0.267661928125 0.7083035265625 0.35691660468749997 0.4311195859375
0 0.1985399390625 0.9729510781249999 0.262509409375 0.7851589062500001 0.2473494375 0.7717920421875 0.2392765234375 0.793068796875 0.24114903906250001 0.7625390453125 0.194875475 0.7558124515625 0.1343348234375 0.9295909953124999 0.131259434375 0.9817759984375 0.17066295625 0.9881240968749999 0.1886937046875 0.9434465843750001 0.1985399390625 0.9729510781249999
0 0.3275081703125 0.7951449890625 0.264344753125 0.9779689109374999 0.3239491671875 0.9737337453125001 0.3717604046875 0.8000893343750001 0.3275081703125 0.7951449890625
0 0.518605428125 0.9576830749999999 0.5540566578125 0.8596796859375001 0.4905652515625 0.8350000859375 0.46908496875 0.9620155546875001 0.518605428125 0.9576830749999999
0 0.56711011875 0.8682189578124999 0.5395307640625 0.948015978125 0.5836465875 0.9490540734374999 0.6053665671874999 0.8697696828125 0.56711011875 0.8682189578124999
0 0.6589193984375 0.888593521875 0.6353702984375 0.9435492890624999 0.6901942062499999 0.942671003125 0.7033762453125 0.89939724375 0.6589193984375 0.888593521875
0 0.556395809375 0.7016539609375 0.522219234375 0.7888849859375 0.5679595640625 0.8083923296875 0.6009890671875 0.71636393125 0.556395809375 0.7016539609375
0 0.51694266875 0.5816828593750001 0.49499326562499996 0.5982963734375 0.447975675 0.7385667828125 0.4768757265625 0.7526906390625 0.530285925 0.59912685 0.51694266875 0.5816828593750001
0 0.61198855625 0.610590171875 0.6028367734375 0.629022678125 0.6266835015625001 0.6386909125 0.6347564140624999 0.61741415625 0.61198855625 0.610590171875