0 0.0263671875 0.0703125 0.017578125 0.0810546875 0.041015625 0.1220703125 0.2958984375 0.02734375 0.296875 0.0009765625 0.2138671875 0 0.0263671875 0.0703125
0 0.099609375 0.2802734375 0.3583984375 0.1875 0.34375 0.1279296875 0.0771484375 0.22265625 0.099609375 0.2802734375
0 0.15234375 0.4208984375 0.240234375 0.3876953125 0.2236328125 0.341796875 0.130859375 0.3740234375 0.15234375 0.4208984375
0 0.2421875 0.3876953125 0.25390625 0.3876953125 0.2890625 0.3740234375 0.2705078125 0.32421875 0.2265625 0.3427734375 0.2421875 0.3876953125
0 0.2587890625 0.4921875 0.1904296875 0.51953125 0.1953125 0.5556640625 0.2109375 0.5654296875 0.2939453125 0.53125 0.291015625 0.5107421875 0.2685546875 0.51171875 0.2587890625 0.4921875
0 0.23046875 0.6474609375 0.24609375 0.6513671875 0.322265625 0.6201171875 0.3095703125 0.58203125 0.220703125 0.6162109375 0.23046875 0.6474609375
0 0.265625 0.7177734375 0.345703125 0.6865234375 0.3310546875 0.642578125 0.244140625 0.6748046875 0.265625 0.7177734375
0 0.296875 0.8056640625 0.3759765625 0.775390625 0.3671875 0.7373046875 0.2861328125 0.765625 0.296875 0.8056640625
0 0.005859375 0.8251953125 0.2353515625 0.736328125 0.220703125 0.6904296875 0.0029296875 0.767578125 0.005859375 0.8251953125
0 0.0009765625 0.87890625 0.0078125 0.9208984375 0.2587890625 0.8203125 0.2578125 0.7900390625 0.2353515625 0.78515625 0.0009765625 0.87890625
0 0.1640625 0.9404296875 0.2900390625 0.890625 0.275390625 0.8388671875 0.1416015625 0.890625 0.1640625 0.9404296875
0 0.0029296875 0.943359375 0.01953125 0.9833984375 0.1455078125 0.93359375 0.140625 0.9013671875 0.1201171875 0.896484375 0.0029296875 0.943359375
0 0.00390625 0.6474609375 0.1748046875 0.58203125 0.162109375 0.5361328125 0.0009765625 0.59375 0.00390625 0.6474609375
0 0.00390625 0.5732421875 0.05859375 0.5478515625 0.0458984375 0.515625 0 0.5302734375 0.00390625 0.5732421875
0 0.0009765625 0.421875 0.0009561328125000001 0.4797131296875 0.1150664578125 0.443111028125 0.12367860625 0.4280395890625 0.0947265625 0.38671875 0.0009765625 0.421875
0 0.00390625 0.3076171875 0.0625 0.2841796875 0.0439453125 0.23828125 0 0.2529296875 0.00390625 0.3076171875
0 0.01171875 0.1298828125 0.0009765625 0.107421875 0.001953125 0.1396484375 0.01171875 0.1298828125
0 0.51953125 0.0654296875 0.681640625 0.0009765625 0.5517578125 0 0.498046875 0.0263671875 0.51953125 0.0654296875
0 0.5302734375 0.091796875 0.544921875 0.1337890625 0.7861328125 0.04296875 0.779296875 0.0068359375 0.7490234375 0.005859375 0.5302734375 0.091796875
0 0.80859375 0.0830078125 0.6279296875 0.150390625 0.6484375 0.1943359375 0.6787109375 0.1796875 0.7001953125 0.189453125 0.8251953125 0.13671875 0.80859375 0.0830078125
0 0.4140625 0.2646484375 0.431640625 0.2685546875 0.48828125 0.2451171875 0.4736328125 0.205078125 0.404296875 0.2333984375 0.4140625 0.2646484375
0 0.794921875 0.3486328125 0.892578125 0.3037109375 0.8701171875 0.25 0.76953125 0.2958984375 0.794921875 0.3486328125
0 0.650390625 0.3466796875 0.671875 0.4033203125 0.6748046875 0.390625 0.78125 0.3466796875 0.7607421875 0.30078125 0.650390625 0.3466796875
0 0.50390625 0.4541015625 0.6337890625 0.3984375 0.62109375 0.3642578125 0.4833984375 0.41796875 0.50390625 0.4541015625
0 0.529296875 0.5126953125 0.6552734375 0.45703125 0.6484375 0.4248046875 0.5107421875 0.4765625 0.529296875 0.5126953125
0 0.5322265625 0.517578125 0.54296875 0.5498046875 0.6806640625 0.490234375 0.68359375 0.4775390625 0.6630859375 0.4609375 0.5322265625 0.517578125
0 0.546875 0.5791015625 0.5625 0.5849609375 0.6904296875 0.52734375 0.6875 0.4951171875 0.5439453125 0.5546875 0.546875 0.5791015625
0 0.5673828125 0.5859375 0.556640625 0.6005859375 0.5703125 0.6240234375 0.6943359375 0.5703125 0.70703125 0.5478515625 0.6884765625 0.533203125 0.5673828125 0.5859375
0 0.5771484375 0.625 0.587890625 0.6591796875 0.8583984375 0.541015625 0.859375 0.5224609375 0.8388671875 0.509765625 0.5771484375 0.625
0 0.609375 0.6982421875 0.8701171875 0.5859375 0.869140625 0.5498046875 0.5947265625 0.6640625 0.609375 0.6982421875
0 0.8662109375 0.546875 0.814453125 0.5693359375 0.873046875 0.5771484375 0.8662109375 0.546875
0 0.6220703125 0.701171875 0.609375 0.7236328125 0.630859375 0.7431640625 0.8896484375 0.630859375 0.8984375 0.6142578125 0.8779296875 0.591796875 0.6220703125 0.701171875
0 0.8779296875 0.591796875 0.8046875 0.6279296875 0.8701171875 0.61328125 0.8798828125 0.625 0.89453125 0.6064453125 0.8779296875 0.591796875
0 0.646484375 0.7861328125 0.9130859375 0.669921875 0.908203125 0.6376953125 0.6298828125 0.75 0.646484375 0.7861328125