0 0.1786226046875 0 0.030052109375000004 0.0683145140625 0.021826021875 0.079722696875 0.047413059375 0.11896233437499999 0.2973314625 0.0049219078125 0.2972560203125 0 0.1786226046875 0
0 0.1142978828125 0.272725490625 0.36822489687500004 0.160342190625 0.3504545109375 0.1018818703125 0.0888173578125 0.216810290625 0.1142978828125 0.272725490625
0 0.17440210312499999 0.40935451875 0.260552625 0.369491440625 0.241545628125 0.32485099375000004 0.1504611125 0.36410750625 0.17440210312499999 0.40935451875
0 0.28749939687500004 0.30372089375 0.2445264953125 0.3256055578125 0.26250575 0.369343440625 0.2742245 0.368455446875 0.3086642375 0.352119590625 0.28749939687500004 0.30372089375
0 0.2176571671875 0.5051013515625 0.2244336203125 0.5408641656250001 0.24057041406250002 0.5494458 0.3217869453125 0.5089761562499999 0.3177824890625 0.4886903421875 0.29537273124999996 0.4913688921875 0.284583515625 0.4725776375 0.2176571671875 0.5051013515625
0 0.340073278125 0.5585734140625 0.252997371875 0.5994870546875 0.264400740625 0.6299970593750001 0.2802304578125 0.63271931875 0.3547645890625 0.595697359375 0.340073278125 0.5585734140625
0 0.3032419125 0.697645578125 0.38168229375 0.6603276218749999 0.3647307796875 0.6174923015625 0.279505640625 0.6563048171875 0.3032419125 0.697645578125
0 0.3390980640625 0.7831682203125 0.4166130625 0.746900825 0.4058280015625 0.7094808828125 0.32625751875 0.7439431515625 0.3390980640625 0.7831682203125
0 0.049106028125 0.8247513156249999 0.273940884375 0.71849425 0.2568870109375 0.6737058046875 0.043156753125 0.7673561265625 0.049106028125 0.8247513156249999
0 0.2992166921875 0.7705032 0.2764998578125 0.767322375 0.0470380875 0.87883225 0.056074742187500005 0.9203064421875 0.30177981875 0.8007026375 0.2992166921875 0.7705032
0 0.21334833125000002 0.927997775 0.336714740625 0.8686471546875 0.3193537921875 0.817999334375 0.188277240625 0.879895075 0.21334833125000002 0.927997775
0 0.187863653125 0.8907112625 0.1670999421875 0.8873824390625 0.052369057812499994 0.9431373765625001 0.071068978125 0.9819184484375001 0.1944353875 0.9225678265624999 0.187863653125 0.8907112625
0 0.037838240625000005 0.6471649390625 0.205307653125 0.5687853421875 0.19020690468749998 0.5238488984375 0.03209368125 0.593676 0.037838240625000005 0.6471649390625
0 0.0339486 0.5729461890625 0.087305434375 0.5434115937499999 0.0729211984375 0.512147025 0.027790453124999996 0.5302734375 0.0339486 0.5729461890625
0 0.14611121093749999 0.418667784375 0.1149936328125 0.3795408 0.02308609375 0.421801 0.026096832812499998 0.479640678125 0.13828892343750002 0.4343918140625 0.14611121093749999 0.418667784375
0 0.020027784375 0.3073211890625 0.0773932265625 0.27944372031250003 0.056433103124999995 0.23495127343750002 0.0132554828125 0.2529296875 0.020027784375 0.3073211890625
0 0.009271789062499999 0.1395004390625 0.018525620312499998 0.12899481875000002 0.0066063046875 0.10734787500000001 0.009271789062499999 0.1395004390625
0 0.642956578125 0 0.5350843078125 0.05161515625 0.5519334625 0.0924973515625 0.75240530625 0 0.642956578125 0
0 0.658622215625 0.14520028125 0.6881279609375001 0.1282578609375 0.7101241296875 0.13639549687500002 0.8323604390625 0.0741891875 0.8129440046875 0.021736242187499998 0.6358113265625 0.10280895781249999 0.658622215625 0.14520028125
0 0.48438050156249995 0.16918837656250002 0.41652876875 0.2027626515625 0.42793213750000003 0.2332726578125 0.4457149796875 0.2358469171875 0.501127296875 0.208117446875 0.48438050156249995 0.16918837656250002
0 0.813192946875 0.288397234375 0.908494940625 0.2360754109375 0.8832191328125001 0.1840664625 0.7850386296874999 0.23758684687499998 0.813192946875 0.288397234375
0 0.7994187125 0.287480103125 0.776505465625 0.2431356546875 0.6685593375 0.2973960328125 0.693012121875 0.35240866875 0.6952764765625 0.3394913578125 0.7994187125 0.287480103125
0 0.5277047046875001 0.4159178296875 0.6546702875 0.3504118359375 0.64018369375 0.31719414218750003 0.5053032515625 0.38133900625 0.5277047046875001 0.4159178296875
0 0.5561660984375 0.47258759375 0.6792254296875 0.4073775984375 0.6707005703125 0.37566903125 0.5357177703125 0.43786077187499994 0.5561660984375 0.47258759375
0 0.7086205125 0.425739425 0.6872426484374999 0.4106918515625 0.5593516828125 0.4772484078125 0.5717827921875 0.5086609765625 0.7063561578125 0.43865673593750004 0.7086205125 0.425739425
0 0.7134479921875 0.443021553125 0.573015253125 0.5134697890625 0.5772244265625 0.537661853125 0.593156503125 0.5423372359374999 0.718066603125 0.4750261171875 0.7134479921875 0.443021553125
0 0.6030161828125 0.580807740625 0.7242247484375001 0.5176988687499999 0.7357429343749999 0.4942759375 0.7164205546875 0.48103349062499995 0.5980904953125 0.5429438015625 0.5881160000000001 0.5584062328125 0.6030161828125 0.580807740625
0 0.8867560171875001 0.45734139375 0.8655828718749999 0.4462000703125 0.6099033 0.5812663062500001 0.62243676875 0.6146320000000001 0.8867518656250001 0.47597008125 0.8867560171875001 0.45734139375
0 0.6459683218750001 0.6520665109375 0.9008248703125 0.5200039624999999 0.8979546671874999 0.48394514843750003 0.629528603125 0.618996815625 0.6459683218750001 0.6520665109375
0 0.9032939421874999 0.5109929015625 0.8948714421874999 0.48123745937500007 0.8442907578125001 0.5076203703125 0.9032939421874999 0.5109929015625
0 0.6698069531249999 0.6953603968750001 0.9227103765625 0.563445846875 0.9306293875 0.5461782890625 0.9089444468749999 0.525271340625 0.6588171734375 0.6540342046875 0.6472989890624999 0.6774571359375 0.6698069531249999 0.6953603968750001
0 0.912637675 0.5583264671875 0.9263137015625 0.5386617874999999 0.9089444468749999 0.525271340625 0.8375959 0.566954115625 0.9022578953125 0.5473477124999999 0.912637675 0.5583264671875
0 0.68768385 0.73714515625 0.9481950546875 0.600732359375 0.9416233203125 0.5688757953125 0.669188646875 0.702270334375 0.68768385 0.73714515625