0 0.36328125 0.14445711249999998 0.3769531234375 0.196986971875 0.3886718765625 0.20415013593750003 0.4707031234375 0.16117115937499998 0.47265625 0.1396816703125 0.4560546875 0.0907333921875 0.36328125 0.14445711249999998
0 0.5576171890625 0.116998321875 0.48046875 0.16594660156250002 0.50390625 0.244741390625 0.51171875 0.2638431578125 0.51953125 0.2638431578125 0.5908203125 0.23399664687500002 0.603515625 0.2184764609375 0.58984375 0.15878343749999999 0.5576171890625 0.116998321875
0 0.583984375 0.048948278125 0.59375 0.056111439062500004 0.640625 0.034621953125 0.6357421890625 0 0.5703125015625 0.0011938609374999999 0.583984375 0.048948278125
0 0.7324218765625 0.106253578125 0.74609375 0.11102902031249999 0.787109375 0.0919272546875 0.771484375 0.0059693015624999995 0.7080078109375 0 0.7324218765625 0.106253578125
0 0.8525390625 0.016714046875 0.8388671890625 0.0119386046875 0.806640625 0.041785115625 0.802734375 0.0608868828125 0.83984375 0.1778852046875 0.853515625 0.18504836875 0.8916015625 0.171915903125 0.8984374984375 0.151620275 0.87109375 0.0465605578125 0.8525390625 0.016714046875
0 1 0.20653785624999998 0.978515625 0.120579903125 0.9423828109375 0.09550883437499999 0.9150390625 0.10983515937499999 0.91015625 0.12774306875000002 0.94921875 0.2495168328125 0.9609374984375 0.2590677140625 1 0.2423536703125 1 0.20653785624999998
0 0.931640625 0.36890287499999996 0.953125 0.3832292015625 1 0.356964271875 0.9990234375 0.257873853125 0.921875 0.3187607375 0.931640625 0.36890287499999996
0 0.8935546875 0.4966459421875 0.8583984375 0.49903366250000003 0.8457031234375 0.5241047328125 0.8769531234375 0.6267767296875 0.8925781234375 0.643490778125 0.9345703125 0.62558286875 0.9355468765625 0.595736359375 0.91015625 0.512166128125 0.8935546875 0.4966459421875
0 0.8818359375 0.642296915625 0.8525390625 0.649460078125 0.8369140625 0.6828881703125 0.8095703125 0.678112728125 0.7988281234375 0.6864697515625 0.8203125015625 0.7724277046875 0.83203125 0.7748154234375 0.8994140625 0.74974435625 0.916015625 0.7342241703125 0.90625 0.6721434265624999 0.8818359375 0.642296915625
0 0.6982421890625 0.6375214734375 0.697265625 0.6649802640625 0.66015625 0.7031837984375 0.671875 0.7533259375 0.68359375 0.76287681875 0.76953125 0.722285565625 0.759765625 0.6649802640625 0.7333984375 0.62558286875 0.6982421890625 0.6375214734375
0 0.7333984375 0.446503803125 0.7001953125 0.4584424078125 0.6894531234375 0.4835134765625 0.728515625 0.6076749640625 0.7421874984375 0.61245040625 0.7822265625 0.594542496875 0.787109375 0.5790223109375 0.75390625 0.47157487500000006 0.7333984375 0.446503803125
0 0.56640625 0.4930643609375 0.5917968765625 0.595736359375 0.609375 0.6028995203124999 0.6416015625 0.5921547781250001 0.6484374984375 0.574246871875 0.6220703125 0.46560557031250005 0.56640625 0.4930643609375
0 0.537109375 0.7533259375 0.5449218765625 0.7581013796875 0.62890625 0.7198978453125 0.6123046875 0.656623240625 0.5234374984375 0.6960206359375001 0.537109375 0.7533259375
0 0.474609375 0.5933486390625 0.4599609375 0.587379334375 0.4345703125 0.5969302203125 0.4189453125 0.584991615625 0.4082031234375 0.60528724375 0.447265625 0.7342241703125 0.45703125 0.7413873328125 0.4951171890625 0.7234794265625 0.505859375 0.7079592406249999 0.50390625 0.69124519375 0.474609375 0.5933486390625
0 0.431640625 0.588573196875 0.443359375 0.5933486390625 0.4863281234375 0.5718591484375 0.4580078109375 0.4584424078125 0.4042968765625 0.4835134765625 0.431640625 0.588573196875
0 0.2138671890625 0.4966459421875 0.20703125 0.519329290625 0.212890625 0.6267767296875 0.2265625015625 0.6411030546875 0.2314453125 0.6733372875 0.27734375 0.6721434265624999 0.287109375 0.66259254375 0.2832031234375 0.5336556156250001 0.2509765625 0.49903366250000003 0.2138671890625 0.4966459421875
0 0 0.29249580625 0.02734375 0.388004640625 0.041015625 0.40233096875 0.08300781093750001 0.3796476203125 0.08593749843750001 0.3521888296875 0.05078125 0.2614554375 0.036132810937499996 0.23638436718750003 0.0263671890625 0.23638436718750003 0 0.24712910937500002 0 0.29249580625
0 0.0009765625 0.420238875 0 0.61245040625 0.01171875 0.614838125 0.048828123437499996 0.5837977546875 0.025390625 0.5384310578125 0.02734375 0.5073906859374999 0.0009765625 0.420238875
0 0.203125 0.8297330046875 0.2207031234375 0.8368961671875 0.255859375 0.834508446875 0.2509765625 0.7139285421875 0.197265625 0.7198978453125 0.203125 0.8297330046875
0 0.07617187656249999 0.9706085359375001 0.09765625 0.9777716984374999 0.134765625 0.9729962562500001 0.1298828109375 0.8500286328125 0.07421875 0.8559979343749999 0.07617187656249999 0.9706085359375001
0 0.3662109375 0.866742678125 0.3271484375 0.8691303984375001 0.3037109375 0.8858444453125 0.2744140625 0.8739058406250001 0.2177734375 0.8762935625000001 0.208984375 0.884650584375 0.197265625 0.9252418406249999 0.2021484375 0.9956796046875 0.3457031234375 0.996873465625 0.3974609375 0.993291884375 0.41015625 0.9777716984374999 0.4072265625 0.8739058406250001 0.3662109375 0.866742678125
0 0.5595703125 0.9789655609375 0.64453125 0.9944857453125 0.662109375 0.96583309375 0.6513671890625 0.938374303125 0.5605468765625 0.9276295609374999 0.5595703125 0.9789655609375