0 0.9187612078124999 0.5598166203125 0.8695231484375 0.5423606624999999 0.8480677515625 0.5439386890625 0.8065206359375001 0.625219734375 0.8138883515625001 0.637063521875 0.8666568546875 0.65165230625 0.9187612078124999 0.5598166203125
0 0.84312185 0.53408970625 0.8907234984375 0.4577956625 0.8483758671875 0.42483973906249994 0.7884442 0.41012591875000004 0.7731456109375 0.422550325 0.7445434546875 0.493318415625 0.7446798234374999 0.501130915625 0.7639179578124999 0.5092768375000001 0.84312185 0.53408970625
0 1 0.380707665625 0.9716509609375 0.37622573593749997 0.95097968125 0.42272563593749996 0.9583133015625 0.4326162953125 1 0.4452156890625 1 0.380707665625
0 1 0.2636592796875 0.998019453125 0.2458664953125 0.911788765625 0.22874109374999999 0.8934029296875 0.269423296875 0.898417015625 0.28317852499999996 1 0.3081922375 1 0.2636592796875
0 0.961589984375 0.21008507812500002 0.9908739796875 0.1783794875 0.98585989375 0.1646242578125 0.9556895093750001 0.145548596875 0.8501525046875 0.116371025 0.8299761984374999 0.12285269843749999 0.817508525 0.160709409375 0.8249103328125 0.1745063171875 0.9425564015625 0.2136579046875 0.961589984375 0.21008507812500002
0 0.8916478390625 0.100498821875 0.905496878125 0.073405140625 0.8797951078124999 0.036834709375000003 0.79346214375 0.013849932812499998 0.7576463296875 0.013224765625 0.741614125 0.0519955234375 0.7513695578124999 0.0638809828125 0.873825159375 0.10506905156249999 0.8916478390625 0.100498821875
0 0.7421431921874999 0.013930421874999998 0.643035728125 0.0112242296875 0.6175890046875 0.057640775 0.6322903421875 0.079375215625 0.6826029390625 0.090016075 0.7421431921874999 0.013930421874999998
0 0.5034380015625 0.1503459625 0.5052120671875 0.11523139062500001 0.48940210000000006 0.098358921875 0.4053886734375 0.071509571875 0.3755592109375 0.0719651625 0.358384278125 0.11364476875 0.3753710609375 0.1295615125 0.4785885296875 0.16260365937500001 0.5034380015625 0.1503459625
0 0.325211234375 0.19604824999999998 0.3199585046875 0.1686211453125 0.3531138625 0.153579634375 0.3597656453125 0.12440779375 0.3294929859375 0.0994727578125 0.2672417828125 0.08862350937499999 0.252011378125 0.104954165625 0.22811648125 0.1718993609375 0.2307087515625 0.1836597875 0.3170417171875 0.2066445671875 0.325211234375 0.19604824999999998
0 0.340303984375 0.30858216562499996 0.367745728125 0.30808489687499996 0.379070678125 0.2731370375 0.33921304218750004 0.246082165625 0.28173728124999997 0.2353162734375 0.2426460734375 0.32054525 0.25240150625 0.3324307125 0.302748196875 0.3450246953125 0.340303984375 0.30858216562499996
0 0.546790703125 0.3092576109375 0.55814974375 0.276262875 0.5327207078125 0.2553174453125 0.42469370937499995 0.2202388171875 0.40925875312500004 0.22485072499999997 0.392049728125 0.2645772046875 0.3970638140625 0.278332434375 0.5219071390625001 0.31956218281250004 0.546790703125 0.3092576109375
0 0.5409912171875 0.38725757656250004 0.43188967500000003 0.35899405 0.414101090625 0.3655174015625 0.40391886406250005 0.3975564140625 0.41138885312499995 0.41525957187499996 0.5145040468750001 0.44244234374999997 0.5409912171875 0.38725757656250004
0 0.35014400625 0.3936889765625 0.2865796203125 0.3759829515625 0.24984203906250002 0.45930047968750004 0.2547538484375 0.4671963375 0.31229779375 0.48186848125 0.35014400625 0.3936889765625
0 0.42515073125 0.5882986859375 0.4129393921875 0.572465296875 0.42204708281250003 0.5472413828125 0.41582208906250007 0.5324887515625 0.3174141546875 0.5014830859375 0.300666015625 0.499238215625 0.2853333359375 0.5097094953125 0.268090221875 0.5474828515625 0.27542384375 0.557373509375 0.405042609375 0.5986866140625 0.42515073125 0.5882986859375
0 0.5510181015625 0.5514451125 0.43710702812499996 0.5211451031250001 0.416367559375 0.5637387515625 0.42134755312500005 0.5755408562500001 0.526884559375 0.6047184296875 0.5510181015625 0.5514451125
0 0.386962315625 0.7936240109375 0.4945120296875 0.8013588890625 0.5170760578125 0.7949188890625 0.514040590625 0.7577678375 0.4788561203125 0.7249369484375 0.3498510078125 0.71878009375 0.3404705859375 0.7283790078125 0.340077884375 0.77425660625 0.37239734687500003 0.7797020671875 0.386962315625 0.7936240109375
0 0.7754884734374999 1 0.78061045625 0.986961771875 0.780439996875 0.9771961499999999 0.7551132375 0.96211009375 0.663766190625 0.9253700874999999 0.6363585375 0.9278204796875 0.614408165625 0.9694167265625 0.6289731375 0.9833386687499999 0.6840992671875 1 0.7754884734374999 1
0 0.5684755796875 1 0.5095870921875 0.9812547781250001 0.4785808125 0.982666090625 0.4328050125 0.9584367140625 0.4024123890625 0.995004275 0.4035135625 1 0.5684755796875 1
0 0.29914571093750003 0.7540168328125 0.1784805765625 0.747029290625 0.1767065109375 0.7821438640625 0.18417650000000002 0.799847021875 0.2941139359375 0.8076235765625001 0.29914571093750003 0.7540168328125
0 0.16515931875 0.8727349484375001 0.042106465625 0.8657057265624999 0.0379787703125 0.902731746875 0.04551694375 0.9243411531250001 0.1601616375 0.928294815625 0.16515931875 0.8727349484375001
0 0.12915664531249998 0.79302905625 0.137360253125 0.784385865625 0.138759309375 0.72778691875 0.126309325 0.6982816546875 0.14261426875 0.6751359 0.1443201515625 0.636115078125 0.1364410578125 0.59497441875 0.0325240625 0.590231746875 0.0172254734375 0.602656153125 0.014547328125 0.65435145 0.018246946875 0.797926975 0.088769940625 0.8040392828125 0.12915664531249998 0.79302905625
0 0.0677111046875 0.3497084921875 0.040064809374999996 0.3384870109375 0.011718984375 0.3555650015625 0.028722167187499998 0.4407968453125 0.080041121875 0.44071635468750003 0.0677111046875 0.3497084921875