0 0.3096656109375 0.9521484375 0.319853128125 0.904296875 0.0580527828125 0.8095703125 0.0429395765625 0.8193359375 0.0458097796875 0.85546875 0.3096656109375 0.9521484375
0 0.4486445625 0.9580078125 0.362920084375 0.9248046875 0.33978135625 0.9677734375 0.4381499671875 1 0.4486445625 0.9580078125
0 0.37045872812499997 0.7705078125 0.37488923125 0.724609375 0.12079902499999999 0.6279296875 0.107229509375 0.6298828125 0.0969396328125 0.67578125 0.37045872812499997 0.7705078125
0 0.5967957484374999 0.859375 0.5983435890625 0.8330078125 0.5577457046875 0.8037109375 0.5309137500000001 0.8134765625 0.5321420578125 0.8369140625 0.5967957484374999 0.859375
0 0.46162899218750003 0.814453125 0.519092640625 0.8115234375 0.47705757968749996 0.7734375 0.42021638906250003 0.7509765625 0.406851590625 0.7568359375 0.403760059375 0.791015625 0.46162899218750003 0.814453125
0 0.2475723484375 0.5126953125 0.1618478703125 0.4794921875 0.1444661578125 0.5205078125 0.23132073593750002 0.556640625 0.2475723484375 0.5126953125
0 0.0899833765625 0.5244140625 0.032012085937500004 0.4990234375 0.02840460625 0.5419921875 0.07907934531250001 0.55859375 0.0899833765625 0.5244140625
0 0.1098383140625 0.4560546875 0.0260669609375 0.4228515625 0.025129120312499996 0.4794921875 0.0976976703125 0.50390625 0.1098383140625 0.4560546875
0 0.6465824765625 0.7099609375 0.6581048140625 0.6689453125 0.648548059375 0.654296875 0.47123557656250004 0.6064453125 0.4559176546875 0.6123046875 0.4546768890625 0.64453125 0.6465824765625 0.7099609375
0 0.7028593437499999 0.498046875 0.5242161953125 0.4248046875 0.5083740203125 0.4765625 0.7001772484375001 0.5400390625 0.7028593437499999 0.498046875
0 0.48526020625 0.408203125 0.3165874015625 0.3388671875 0.2988944609375 0.392578125 0.4769234546875 0.4541015625 0.48526020625 0.408203125
0 0.3331045640625 0.486328125 0.3504821234375 0.4638671875 0.21850510625 0.4052734375 0.19999744531250002 0.4248046875 0.211507325 0.439453125 0.3331045640625 0.486328125
0 0.16826471875 0.28515625 0.0158310671875 0.2275390625 0.01787409375 0.28515625 0.15777012343750002 0.3271484375 0.16826471875 0.28515625
0 0.303427321875 0.3486328125 0.2415497796875 0.3232421875 0.225916475 0.3603515625 0.29262565 0.384765625 0.303427321875 0.3486328125
0 0.21167197187500003 0.1630859375 0.20016209218749997 0.1484375 0.00589394375 0.0751953125 0.008039329687500001 0.134765625 0.19994491718750002 0.2001953125 0.21167197187500003 0.1630859375
0 0.5286674609375 0.2861328125 0.5052341124999999 0.267578125 0.2629650171875 0.1728515625 0.24712284062499998 0.224609375 0.5189958890625 0.3251953125 0.5286674609375 0.2861328125
0 0.7522324828125 0.359375 0.569887803125 0.2900390625 0.5541479859375 0.34375 0.7421473234375 0.4091796875 0.7522324828125 0.359375
0 0.9649916812500001 0.4873046875 0.977029965625 0.4375 0.7965360515625 0.3662109375 0.7774017796875 0.4296875 0.9427866406250001 0.4921875 0.9649916812500001 0.4873046875
0 0.9276568265625 0.576171875 0.7492183953125 0.5068359375 0.7315254546875 0.560546875 0.9154138234375001 0.6220703125 0.9276568265625 0.576171875
0 1 0.605277309375 0.9685659390625 0.5927734375 0.9475850546875 0.6396484375 1 0.66145384375 1 0.605277309375
0 0.5326110828124999 0.119140625 0.5847271515625 0.1259765625 0.5846289453125 0.10546875 0.4999322109375 0.0732421875 0.503228459375 0.04296875 0.3984886796875 0.0009765625 0.3154296875 0 0.3081248296875 0.0283203125 0.5326110828124999 0.119140625
0 0.7184816453125 0.05078125 0.7305199296875 0.0009765625 0.6591796875 0 0.6538279546875 0.0283203125 0.7184816453125 0.05078125
0 0.1664124984375 0.7529296875 0.1145053 0.7314453125 0.0946586671875 0.7626953125 0.15900528125 0.779296875 0.1664124984375 0.7529296875
0 0.0612840453125 0.6103515625 0.035074548437500006 0.5947265625 0.0341367078125 0.6513671875 0.048836325 0.65234375 0.0612840453125 0.6103515625
0 0.695681759375 0.4169921875 0.68282875625 0.4326171875 0.703797184375 0.44140625 0.695681759375 0.4169921875
0 0.5848778875 0.37109375 0.552190709375 0.3623046875 0.540365446875 0.37890625 0.59083546875 0.3916015625 0.5848778875 0.37109375
0 0.8136798265625 0.4697265625 0.8031976890625 0.4560546875 0.78263454375 0.4736328125 0.8038076890625 0.486328125 0.8136798265625 0.4697265625
0 0.33018453124999997 0.6728515625 0.3413997921875 0.6259765625 0.32855509375 0.6044921875 0.30809430781249997 0.6240234375 0.3019153984375 0.673828125 0.33018453124999997 0.6728515625
0 0.5594525875 0.9853515625 0.5135071234375 0.9658203125 0.50209545 0.9716796875 0.51000615625 0.9921875 0.5594525875 0.9853515625
0 0.49860278750000003 0.9609375 0.45974915781250003 0.9462890625 0.4542950671875 0.97265625 0.4985986359375 0.9794921875 0.49860278750000003 0.9609375
0 0.5704589765625 0.953125 0.5780709125 0.9306640625 0.538189540625 0.9150390625 0.524517665625 0.9150390625 0.5217373640625 0.9365234375 0.5704589765625 0.953125