0 0 0.1806640625 0.015625 0.1904296875 0.2724609375 0.095703125 0.259765625 0.0478515625 0.0009765625 0.14453125 0 0.1806640625
0 0.314453125 0.0751953125 0.3984375 0.0419921875 0.3857421875 0 0.2890625 0.0322265625 0.314453125 0.0751953125
0 0.07421875 0.3701171875 0.087890625 0.3720703125 0.3369140625 0.275390625 0.330078125 0.2294921875 0.0615234375 0.32421875 0.07421875 0.3701171875
0 0.48828125 0.1865234375 0.515625 0.1962890625 0.5546875 0.1669921875 0.5517578125 0.140625 0.48828125 0.1630859375 0.48828125 0.1865234375
0 0.3623046875 0.208984375 0.3671875 0.2431640625 0.380859375 0.2490234375 0.4365234375 0.2265625 0.4765625 0.1884765625 0.4189453125 0.185546875 0.3623046875 0.208984375
0 0.13671875 0.5205078125 0.220703125 0.4873046875 0.2021484375 0.443359375 0.1171875 0.4794921875 0.13671875 0.5205078125
0 0.005859375 0.5009765625 0.0625 0.4755859375 0.0498046875 0.44140625 0 0.4580078125 0.005859375 0.5009765625
0 0.00390625 0.5771484375 0.0859375 0.5439453125 0.0712890625 0.49609375 0 0.5205078125 0.00390625 0.5771484375
0 0.4208984375 0.35546875 0.423828125 0.3876953125 0.439453125 0.3935546875 0.6142578125 0.345703125 0.623046875 0.3310546875 0.609375 0.2900390625 0.4208984375 0.35546875
0 0.501953125 0.5751953125 0.6767578125 0.501953125 0.671875 0.4599609375 0.4833984375 0.5234375 0.501953125 0.5751953125
0 0.298828125 0.6611328125 0.4638671875 0.591796875 0.453125 0.5458984375 0.2783203125 0.607421875 0.298828125 0.6611328125
0 0.177734375 0.5751953125 0.197265625 0.5947265625 0.326171875 0.5361328125 0.3076171875 0.513671875 0.1884765625 0.560546875 0.177734375 0.5751953125
0 0.00390625 0.7724609375 0.1533203125 0.71484375 0.140625 0.6728515625 0.0029296875 0.71484375 0.00390625 0.7724609375
0 0.224609375 0.6767578125 0.28515625 0.6513671875 0.2724609375 0.615234375 0.20703125 0.6396484375 0.224609375 0.6767578125
0 0.0009765625 0.865234375 0.001953125 0.9248046875 0.1923828125 0.8515625 0.203125 0.8369140625 0.189453125 0.7998046875 0.0009765625 0.865234375
0 0.2353515625 0.775390625 0.25390625 0.8271484375 0.4912109375 0.732421875 0.513671875 0.7138671875 0.501953125 0.6748046875 0.2353515625 0.775390625
0 0.5546875 0.7099609375 0.7333984375 0.640625 0.720703125 0.5908203125 0.5361328125 0.65625 0.5546875 0.7099609375
0 0.7548828125 0.5703125 0.77734375 0.6337890625 0.9541015625 0.5625 0.939453125 0.5126953125 0.9169921875 0.5078125 0.7548828125 0.5703125
0 0.72265625 0.4931640625 0.8974609375 0.423828125 0.8828125 0.3779296875 0.7021484375 0.439453125 0.72265625 0.4931640625
0 0.9375 0.4072265625 1 0.3818359375 0.9990234375 0.32421875 0.9140625 0.3603515625 0.9375 0.4072265625
0 0.9970703125 0.4765625 0.9609375 0.4990234375 1 0.6005859375 0.9970703125 0.4765625
0 0.984375 0.4677734375 1 0.4619140625 0.9951171875 0.435546875 0.970703125 0.4443359375 0.984375 0.4677734375
0 0.578125 0.8740234375 0.5263671875 0.880859375 0.306640625 0.9716796875 0.3154296875 1 0.3984375 0.9990234375 0.5009765625 0.95703125 0.49609375 0.9267578125 0.5791015625 0.89453125 0.578125 0.8740234375
0 0.73046875 0.9990234375 0.7158203125 0.94921875 0.65234375 0.9716796875 0.6591796875 1 0.73046875 0.9990234375
0 0.076171875 0.2685546875 0.126953125 0.2470703125 0.1181640625 0.220703125 0.0546875 0.2373046875 0.076171875 0.2685546875
0 0.00390625 0.4052734375 0.029296875 0.3896484375 0.0146484375 0.34765625 0 0.3486328125 0.00390625 0.4052734375
0 0.6806640625 0.55859375 0.66015625 0.5673828125 0.673828125 0.5830078125 0.6806640625 0.55859375
0 0.533203125 0.6376953125 0.5654296875 0.62890625 0.5703125 0.6083984375 0.5205078125 0.62109375 0.533203125 0.6376953125
0 0.779296875 0.5439453125 0.7890625 0.5302734375 0.7783203125 0.513671875 0.7578125 0.5263671875 0.779296875 0.5439453125
0 0.275390625 0.3759765625 0.296875 0.3955078125 0.30859375 0.3740234375 0.294921875 0.3271484375 0.2666015625 0.326171875 0.275390625 0.3759765625
0 0.462890625 0.0341796875 0.5078125 0.0146484375 0.4580078125 0.0078125 0.451171875 0.0283203125 0.462890625 0.0341796875
0 0.41015625 0.0537109375 0.4482421875 0.0390625 0.447265625 0.0205078125 0.4033203125 0.02734375 0.41015625 0.0537109375
0 0.4765625 0.0849609375 0.490234375 0.0849609375 0.529296875 0.0693359375 0.5205078125 0.046875 0.47265625 0.0634765625 0.4765625 0.0849609375