0 0.08984375 0.396193084375 0.0947265625 0.4561510859375 0.1064453125 0.4561510859375 0.1220703125 0.47261014531249995 0.1533203125 0.46790755781250004 0.181640625 0.4761370875 0.1875 0.459678028125 0.1787109375 0.4138277890625 0.1103515625 0.390314846875 0.08984375 0.396193084375
0 0.00390625 0.2480615453125 0.001953125 0.2668718984375 0.0537109375 0.32447860781250004 0.064453125 0.32800555 0.083984375 0.290384840625 0.0263671875 0.23042683749999998 0.0166015625 0.23277813125 0.00390625 0.2480615453125
0 0.49609375 0.49494744218750003 0.49609375 0.44792155625 0.458984375 0.3820853171875 0.4033203125 0.310370840625 0.3662109375 0.2774527234375 0.3466796875 0.2774527234375 0.341796875 0.3162490765625 0.3623046875 0.31977601875 0.365234375 0.33741072499999997 0.2734375015625 0.4455702625 0.380859375 0.5725401531250001 0.404296875 0.6172147421874999 0.412109375 0.6195660359375 0.4541015625 0.5925261546875 0.48828125 0.5490272109375 0.478515625 0.5231629718749999 0.49609375 0.49494744218750003
0 0.455078125 0.2574667203125 0.4609375015625 0.27392578125 0.47265625 0.27862836875 0.501953125 0.2645206046875 0.4931640625 0.14342895 0.44921875 0.14930718437499998 0.455078125 0.2574667203125
0 0.8251953125 0.0775927109375 0.80078125 0.05760671093750001 0.79296875 0.0199860015625 0.7861328125 0.014107765625 0.736328125 0.031742471875 0.7421875015625 0.0670118859375 0.7705078125 0.11521341874999999 0.8095703125 0.1363750671875 0.8310546875 0.1598880078125 0.865234375 0.170468834375 0.912109375 0.15636106875 0.9033203125 0.101105653125 0.8642578125 0.101105653125 0.8251953125 0.0775927109375
0 0.9716796875 0.05878235625 1 0.0599580046875 0.9990234375 0 0.9296875015625 0.0011756484374999998 0.9296875015625 0.010580823437500001 0.9716796875 0.05878235625
0 0.81640625 0.49494744218750003 0.83203125 0.49965002968750005 0.90234375 0.47848838125000004 0.8623046875 0.2868578984375 0.775390625 0.31154648906250004 0.81640625 0.49494744218750003
0 0.9248046875 0.665416275 0.9541015625 0.6607136859375 0.95703125 0.645430275 0.9296875015625 0.605458271875 0.8828124984375 0.38443661093750003 0.8828124984375 0.344464609375 0.8671875015625 0.290384840625 0.8603515625 0.2868578984375 0.7734375015625 0.31389778281249997 0.796875 0.398544378125 0.798828125 0.4361650859375 0.82421875 0.5372707375 0.849609375 0.6830509828125 0.86328125 0.7300768671875 0.873046875 0.7324281609375001 0.9208984375 0.7147934546875 0.92578125 0.706563925 0.919921875 0.6736458046875 0.9248046875 0.665416275
0 0.2646484375 0 0.216796875 0.0011756484374999998 0.220703125 0.031742471875 0.20703125 0.036445059375 0.20703125 0.052904120312500004 0.2109375015625 0.0787683578125 0.220703125 0.081119653125 0.2578124984375 0.071714475 0.251953125 0.01763470625 0.265625 0.010580823437500001 0.2646484375 0
0 0.2119140625 0.22102166093750003 0.2021484375 0.20691389531249998 0.1572265625 0.1786983640625 0.1162109375 0.134023771875 0.0849609375 0.1222673 0.03125 0.20808954218750003 0.03125 0.22925119062500002 0.0986328125 0.2845066046875 0.1240234375 0.28920919375 0.1298828125 0.303316959375 0.23828125 0.3938417875 0.30078125 0.2997900171875 0.302734375 0.285682253125 0.2568359375 0.24218330937500002 0.2119140625 0.22102166093750003
0 0.4873046875 0.1175647125 0.498046875 0.10228129999999999 0.5 0.083470946875 0.494140625 0.0011756484374999998 0.3505859375 0 0.359375 0.114037771875 0.369140625 0.1257942421875 0.4111328125 0.1222673 0.4169921875 0.11521341874999999 0.4384765625 0.1222673 0.4873046875 0.1175647125