0 0.0029296875 0.083984375 0.00390625 0.1416015625 0.2724609375 0.04296875 0.265625 0.0029296875 0.2255859375 0 0.0029296875 0.083984375
0 0.0439453125 0.240234375 0.068359375 0.2978515625 0.3154296875 0.21484375 0.3359375 0.1962890625 0.3203125 0.1435546875 0.0439453125 0.240234375
0 0.2265625 0.3994140625 0.255859375 0.3896484375 0.2392578125 0.341796875 0.201171875 0.3564453125 0.2265625 0.3994140625
0 0.119140625 0.4404296875 0.2109375 0.4072265625 0.1943359375 0.357421875 0.09765625 0.3916015625 0.119140625 0.4404296875
0 0.005859375 0.4873046875 0.08984375 0.4521484375 0.0693359375 0.40234375 0 0.4267578125 0.005859375 0.4873046875
0 0.0078125 0.6494140625 0.1455078125 0.59765625 0.134765625 0.5517578125 0.0009765625 0.59765625 0.0078125 0.6494140625
0 0.1640625 0.5771484375 0.1796875 0.5810546875 0.259765625 0.5458984375 0.2470703125 0.509765625 0.15234375 0.5400390625 0.1640625 0.5771484375
0 0.236328125 0.7333984375 0.3203125 0.6982421875 0.3056640625 0.654296875 0.21484375 0.6904296875 0.236328125 0.7333984375
0 0.00390625 0.8310546875 0.2041015625 0.755859375 0.1953125 0.7060546875 0.0029296875 0.7734375 0.00390625 0.8310546875
0 0.0078125 0.9267578125 0.2275390625 0.837890625 0.228515625 0.8017578125 0.0048828125 0.87890625 0.0078125 0.9267578125
0 0.275390625 0.8193359375 0.353515625 0.7880859375 0.3408203125 0.75 0.248046875 0.7880859375 0.275390625 0.8193359375
0 0.138671875 0.9541015625 0.2626953125 0.904296875 0.25 0.8583984375 0.1201171875 0.900390625 0.138671875 0.9541015625
0 0.0029296875 0.9453125 0.00390625 0.9912109375 0.1201171875 0.947265625 0.11328125 0.9150390625 0.0986328125 0.908203125 0.0029296875 0.9453125
0 0.478515625 0.4697265625 0.6044921875 0.416015625 0.59765625 0.3818359375 0.4580078125 0.43359375 0.478515625 0.4697265625