0 0.4421309671875 0.921509559375 0.44920365 0.9424972078125 0.508877259375 0.942508725 0.5081947203125 0.930789975 0.5237437265625 0.9165085156250001 0.517221034375 0.8848746468750001 0.5238010937500001 0.8572261046874999 0.5070007640624999 0.8500231890625001 0.4616624296875 0.8550695296875 0.4421309671875 0.921509559375
0 0.3480092953125 1 0.37959366875 0.97277601875 0.38249495 0.9623217328125 0.343736675 0.93971953125 0.287134490625 0.9924423906250001 0.28935077656249997 1 0.3480092953125 1
0 0.3743816125 0.6623082218749999 0.487887709375 0.7629340796874999 0.6086009875 0.66587666875 0.6519104984374999 0.6460859234375 0.653806765625 0.6384653578124999 0.62432111875 0.5942659234375001 0.578831434375 0.5565354484375 0.553535978125 0.56418979375 0.5242966390625 0.54430845625 0.477270753125 0.5404697656249999 0.4135958890625 0.5722049765625 0.34512347499999996 0.6220150375 0.3143667328125 0.6564373296875 0.3155042984375 0.6759685796875 0.35458504375 0.6840183109375 0.356917540625 0.6637984 0.3743816125 0.6623082218749999
0 0.3093426453125 0.550087984375 0.29352853125 0.519639503125 0.17294878125 0.5185439406250001 0.1813865390625 0.5629690890625 0.2892048046875 0.5659387 0.305322596875 0.5614228640625 0.3093426453125 0.550087984375
0 0.1697279515625 0.18199685625 0.1783180375 0.1486808734375 0.1614801140625 0.1006542671875 0.106736603125 0.10493287031250001 0.10901173593749999 0.1439953703125 0.087773925 0.181138525 0.06920988125000001 0.2039211453125 0.0320441984375 0.20866269375000002 0.026564110937500003 0.21501879375000002 0.047099609375000004 0.266262990625 0.0820277546875 0.26328263125 0.1285798171875 0.23889697656250003 0.1474663328125 0.2015618859375 0.1697279515625 0.18199685625
0 0.005270884375 0.070408465625 0.014676059375 0.071176203125 0.0604318265625 0.0331186734375 0.0599580046875 0.0048943296875 0.000056878124999999995 0.0009765625 0.005270884375 0.070408465625
0 0.2948777375 0.1611113171875 0.3246284953125 0.25004069218749997 0.5056405609375 0.22399595625000002 0.5094330953124999 0.20875482500000003 0.484176209375 0.1367149140625 0.2948777375 0.1611113171875
0 0.3270935453125 0.25218575 0.4103750625 0.23565789218750002 0.44788201406250006 0.23677571875 0.5475088296874999 0.2196382765625 0.6918102390625 0.2061475875 0.738039828125 0.19631440312499998 0.7398223390625 0.1867407125 0.7194005953125 0.137449640625 0.710886675 0.1318950578125 0.678309825 0.13506735 0.669795903125 0.1295127671875 0.663386965625 0.0998320234375 0.6479329203125 0.0956547625 0.6095535078125 0.1197356234375 0.39126200624999996 0.1485687875 0.3512900046875 0.1453059015625 0.2981202875 0.1565164046875 0.29499149375 0.1630644421875 0.3270935453125 0.25218575
0 0.06120347499999999 0.7494863828125 0.053353296875 0.7352387046875 0.0428293515625 0.7353515625 0.0467920359375 0.7832990921875 0.07713134687499999 0.781887990625 0.0826302296875 0.795943734375 0.099089290625 0.797287275 0.124726015625 0.795492303125 0.126508528125 0.7859186140625 0.114941975 0.748041503125 0.06120347499999999 0.7494863828125
0 0.34022901875 0.8995845015624999 0.3539955140625 0.8948767343749999 0.43820685312499996 0.7938677734375 0.340514871875 0.7236903953125 0.3262933515625 0.7205856625 0.2854676875 0.7629333125 0.2669224390625 0.806127778125 0.2533834578125 0.8147417953125 0.2277843265625 0.8573604578125 0.1854986234375 0.8947293265624999 0.17556225625 0.9250196546874999 0.2645128046875 0.9857362000000001 0.285674453125 0.9874636109375 0.337005265625 0.9245912578125 0.34022901875 0.8995845015624999
0 0.14916975625 0.5924126015625 0.154972315625 0.5715040296875 0.1474258140625 0.5222920359375001 0.13151674062500002 0.510302275 0.11259263125 0.5068136734375 0.0306386015625 0.5059553421875 0.0378240625 0.6494140625 0.1513499296875 0.649933821875 0.16253761718749998 0.64112786875 0.15656490781250001 0.5988477796875 0.14916975625 0.5924126015625