0 0.058168857812499995 1 0 0.7902532890625 0 0.9948783859375 0.001468546875 1 0.058168857812499995 1
0 0.142082115625 0.6800854359375 0.0880722828125 0.6914057671875 0.1621923140625 0.9756648484375001 0.2218024046875 0.9559540343749999 0.158962765625 0.7021078546874999 0.142082115625 0.6800854359375
0 0.33627891249999997 0.8060413843750001 0.3289047703125 0.7759473484375 0.279698034375 0.788642821875 0.29123754375 0.8279245015625 0.33627891249999997 0.8060413843750001
0 0.3685257671875 0.9168113359375001 0.3428159546875 0.8223041125 0.29165609375 0.8348401546875 0.3179438875 0.93430990625 0.3685257671875 0.9168113359375001
0 0.395101503125 1 0.377853034375 0.9470648031250001 0.3263743078125 0.9635070953125 0.3359692484375 1 0.395101503125 1
0 0.5555184015625 1 0.5279046640625 0.9032784390625 0.4811293484375 0.9102739703125 0.5039479828125 1 0.5555184015625 1
0 0.44830451250000003 0.794541490625 0.4708454890625 0.891739253125 0.5089114578125 0.8830497140625001 0.5140931640625 0.867743578125 0.485473634375 0.7847956734375 0.44830451250000003 0.794541490625
0 0.6710604484375 0.823538665625 0.6427597828125 0.7366845109375 0.5976187296875 0.7477457234375 0.6263379437500001 0.84151553125 0.6710604484375 0.823538665625
0 0.7315085828125001 1 0.6908907546874999 0.8575986984374999 0.640368621875 0.8623222390624999 0.6763242390624999 1 0.7315085828125001 1
0 0.8245669796874999 1 0.774835190625 0.84085735 0.7387820953124999 0.8369312921875001 0.7805498625 1 0.8245669796874999 1
0 0.7601865921875001 0.79149118125 0.7353138796875001 0.7108152671875 0.6961916328125 0.7204016515625 0.7267045421875 0.8162840171875001 0.7601865921875001 0.79149118125
0 0.8837919640624999 0.939210753125 0.8441112203125 0.8111217953125 0.7971764734375 0.82007045 0.8285664203125 0.9533810546874999 0.8837919640624999 0.939210753125
0 0.8877504015625 1 0.8754414203125 0.957207428125 0.8426568453125001 0.9614127343750001 0.8346251656250001 0.9755031593749999 0.8418941999999999 1 0.8877504015625 1
0 0.42715816562500003 0.55982781875 0.38373060468750003 0.42946687031249997 0.3489929046875 0.43351274375 0.389351315625 0.5773861359375 0.42715816562500003 0.55982781875