0 0.8877337515624999 0.8875330078125 0.92073656875 0.8351795640624999 0.957583125 0.8073910171875 0.9769959984375 0.7515548328125 0.8570747640624999 0.706638846875 0.790535071875 0.7195488578125 0.7733968296875 0.7422824718750001 0.8242878421875 0.796101665625 0.7852007484375 0.8628521578124999 0.8877337515624999 0.8875330078125
0 0.9107413984375 0.6014291843749999 0.7624461499999999 0.5563333765625 0.7208003515625 0.6073583140625 0.90132471875 0.6791519640625 0.934361621875 0.6326578953124999 0.9107413984375 0.6014291843749999
0 0.9825585984374999 0.43545024843749996 0.9022812453125001 0.4194868953125 0.85592710625 0.509373221875 0.8634441374999999 0.5292061375 0.9326334359375 0.54764668125 0.9825585984374999 0.43545024843749996
0 1 0.2289424296875 0.9331468062500001 0.21180973593750002 0.8819479734375 0.317119953125 0.8918873515625 0.329240921875 0.9932375859375 0.36266055937499997 1 0.24784136406249999 1 0.2289424296875
0 1 0.065043278125 0.9753504078124999 0.0446241390625 0.985198884375 0.0411201078125 0.877843909375 0.0357693984375 0.8364140062500001 0.12390370937499999 0.853790871875 0.142185721875 0.9675028359375 0.18001438281249998 1 0.107031459375 1 0.065043278125
0 0.7960646078125 0.1857211140625 0.8179793656250001 0.1358448578125 0.7647114562499999 0.0975501140625 0.64608661875 0.063426590625 0.620191765625 0.065300446875 0.599493859375 0.1122972921875 0.604531728125 0.1300765265625 0.780063678125 0.19190344374999999 0.7960646078125 0.1857211140625
0 0.8217652671875 0.3625079140625 0.8166024125 0.32324430312499997 0.8313637578125 0.31603513437499997 0.7781412984375 0.2855528890625 0.7114198 0.2672129 0.6577531640625 0.3724225609375 0.6652247453125 0.38444297656250004 0.79376623125 0.4267812203125 0.8217652671875 0.3625079140625
0 0.5459171078125 0.44499573750000004 0.5580856640625 0.41620164062500004 0.5579947609375 0.40057664062500004 0.5220355375 0.3688451546875 0.376219453125 0.325803025 0.34446757968749997 0.3811364328125 0.36680277031249997 0.4035258046875 0.5250033078125 0.45488320625 0.5459171078125 0.44499573750000004
0 0.4632525140625 0.23073991875000002 0.4753415296875 0.1882739453125 0.45422319531250005 0.163005165625 0.3306400328125 0.1247742828125 0.29982094375 0.1284001578125 0.279111675 0.173443875 0.2915643015625 0.1934779 0.4201057890625 0.23581614218750002 0.4632525140625 0.23073991875000002
0 0.2210672453125 0.1622917671875 0.18524437656249998 0.1539977796875 0.1851761984375 0.1422790296875 0.1407217140625 0.1346096640625 0.091933865625 0.230254809375 0.0945152921875 0.24988661250000002 0.16866291875 0.27243451875 0.2210672453125 0.1622917671875
0 0.20316768437500002 0.05416600781250001 0.2251165328125 0.010149125 0.11282595937499999 0.0045973062500000005 0.105865715625 0.080467515625 0.11085813281250001 0.09043425000000001 0.142962253125 0.09564771562499999 0.20316768437500002 0.05416600781250001
0 0.286377696875 0.3621718265625 0.191157190625 0.322167640625 0.1442576296875 0.3183039671875 0.112505759375 0.373637375 0.1298712609375 0.3899662609375 0.2534544203125 0.42819714218750005 0.286377696875 0.3621718265625
0 0.383403575 1 0.43505724843750004 0.8974014531250001 0.37952607031249996 0.8941624015625 0.34735376875 0.877230184375 0.29614356875 0.9805872750000001 0.2986795484375 0.9924065796875 0.3305400328125 1 0.383403575 1
0 0.6365863187499999 0.9749326328125001 0.65496414375 0.9532258609375001 0.6547368859375 0.9141633609375001 0.633641275 0.8928008296875 0.524876275 0.8571264031249999 0.48911022031250007 0.858598040625 0.46597860312500006 0.9113537046875001 0.49323803125000004 0.9319910609375001 0.62177951875 0.9743293015625 0.6365863187499999 0.9749326328125001
0 1 0.7891533125 0.97476681875 0.792469903125 0.9589817859374999 0.8357616078125 0.9615632156249999 0.8553934140624999 1 0.8665042609375 1 0.7891533125