0 0.9390690703125 0.699209025 0.885530553125 0.7377541921875 0.91847551875 0.8719791046875001 0.978821253125 0.8341498390625001 0.9390690703125 0.699209025
0 0.636851221875 0.532424275 0.708111565625 0.5282562109375 0.7107249203125 0.3740927203125 0.650292925 0.373745090625 0.6384592953125 0.37956868125 0.636851221875 0.532424275
0 0.6837544171875 0.31824541093750003 0.7493277015625 0.307117946875 0.7469720859375 0.15702615312499998 0.7314619625 0.1532745453125 0.6786701484375001 0.15973831562500002 0.6837544171875 0.31824541093750003
0 0.8383625218749999 0 0.8353796578124999 0.1281560015625 0.9047443156250001 0.12166813750000001 0.9067942984374999 0 0.8383625218749999 0
0 0.5087382328125 0 0.5027163734375 0.09670442812499999 0.4995282125 0.1080315234375 0.49289330781249996 0.0999122234375 0.4925486765625 0.1147190203125 0.7301692796875 0.083164246875 0.7315018296875 0 0.5087382328125 0
0 0.313665109375 0.010028532812500001 0.2975808109375 0.11471211875000001 0.35826230468750003 0.1138073109375 0.34089398125 0.012892146875 0.313665109375 0.010028532812500001
0 0.1930254125 0 0.178899484375 0.0202404609375 0.18834930156250002 0.0749519625 0.3002806375 0.082482721875 0.3088684546875 0.0066968296875 0.24880152187500001 0 0.1930254125 0
0 0.12487368437499999 0.4566693078125 0.12467254375 0.4234280109375 0.1726963171875 0.3705200390625 0.1567839140625 0.300285834375 0.143226915625 0.296386228125 0.03861995625 0.3511183703125 0.048385789062500004 0.43413556875000003 0.0795497375 0.47734788281249996 0.12487368437499999 0.4566693078125
0 0.074207940625 0.70685326875 0.11361507343749999 0.6890864875 0.1289814953125 0.6571289984375001 0.0840017609375 0.4954863859375 0.070502203125 0.48911897968750007 0.0161881578125 0.519100846875 0.0107022390625 0.5453827421875 0.050396985937500006 0.6827913546875 0.074207940625 0.70685326875
0 0.2419751328125 0.49336966875000005 0.19375021718750002 0.5130363421874999 0.1824049234375 0.539762234375 0.2114436375 0.6742831406249999 0.2836230015625 0.630630284375 0.2553023734375 0.5071404734375 0.2419751328125 0.49336966875000005
0 0.23281250468749998 0.4263191671875 0.3423309984375 0.369983128125 0.3265909109375 0.2923455265625 0.3169401625 0.28814991874999996 0.21422889218750002 0.3452018625 0.23281250468749998 0.4263191671875
0 0.4012984171875 0.475138253125 0.46738864687500004 0.4418005890625 0.44458276249999995 0.33267358593749996 0.42763646250000004 0.306859775 0.37220226093750003 0.34308514375 0.4012984171875 0.475138253125
0 0.43895356249999995 0.4907607734375 0.38558736250000003 0.5219025421875 0.4183025734375 0.6659986499999999 0.4864608078125 0.6275773890624999 0.45618705468750004 0.5042355796875 0.44972446718750003 0.48871287656250006 0.43895356249999995 0.4907607734375