0 0.042968748437499996 0.2282714828125 0.095703125 0.1937222875 0.0595703125 0.0567593953125 0 0.0900746921875 0.042968748437499996 0.2282714828125
0 0.279296875 0.5712956625000001 0.3398437484375 0.576231259375 0.3515625 0.5712956625000001 0.349609375 0.41829207031250004 0.2783203125 0.41705817187500005 0.279296875 0.5712956625000001
0 0.248046875 0.785994246875 0.263671875 0.7909298453125 0.3164062515625 0.788462046875 0.3076171875 0.62928895625 0.2421875 0.6354584562500001 0.248046875 0.785994246875
0 0.1601562515625 0.9686114328125001 0.1601562515625 0.8082044453125 0.0908203125 0.8094383453124999 0.091796875 0.961208034375 0.1601562515625 0.9686114328125001
0 0.5039062515625 0.8624960406250001 0.5039062515625 0.84768924375 0.2666015609375 0.8612621421875 0.267578125 0.9957572328125 0.349609375 0.9957572328125 0.4892578125 0.9895877328125 0.494140625 0.864963840625 0.4970703125 0.85385874375 0.5039062515625 0.8624960406250001
0 0.685546875 0.966143634375 0.6992187484375 0.8624960406250001 0.6384511390625 0.8587961546875 0.658203125 0.961208034375 0.685546875 0.966143634375
0 0.6904296875 0.969845334375 0.802734375 0.99082163125 0.8203125 0.966143634375 0.8095703125 0.9106181390625 0.697265625 0.8945774390624999 0.6904296875 0.969845334375
0 0.8642578125 0.5330447640625 0.865234375 0.5663600609375 0.818359375 0.6157160578124999 0.8359375 0.687282253125 0.849609375 0.6922178515625 0.953125 0.6453296546875 0.9414062515625 0.5614244625 0.9091796875 0.515770165625 0.8642578125 0.5330447640625
0 0.9091796875 0.2862647796875 0.8701171875 0.30107158125 0.8554687484375 0.331919078125 0.904296875 0.49726166562499996 0.9179687484375 0.5046650640625 0.9716796875 0.47875316874999996 0.9765625 0.45284127031250004 0.9335937484375 0.31217667968749996 0.9091796875 0.2862647796875
0 0.701171875 0.346725875 0.732421875 0.47258366875 0.7460937484375 0.487390465625 0.7939453125 0.47134976718750005 0.8046875 0.44543786875 0.7724609390625 0.30847497968750004 0.701171875 0.346725875
0 0.666015625 0.6823466515625001 0.6757812515625 0.687282253125 0.7773437484375 0.63792625625 0.7568359390625 0.5552549625000001 0.6484375 0.6033770578125 0.666015625 0.6823466515625001
0 0.546875 0.6329906546874999 0.564453125 0.66013645625 0.619140625 0.6280550578125 0.5869140609375 0.493559965625 0.521484375 0.5219396656249999 0.546875 0.6329906546874999
0 0.53125 0.46024466875 0.5380859390625 0.47628536875 0.548828125 0.475051465625 0.6015625 0.44790566875 0.5654296875 0.30107158125 0.498046875 0.334386878125 0.53125 0.46024466875