0 0.2314453125 0.0468881953125 0.2021484390625 0.0839051953125 0.1484375 0.11722049375000002 0.1689453125 0.2196341859375 0.2373046875 0.1801493890625 0.2890625 0.23073928437500002 0.3125 0.2134646859375 0.328125 0.146834090625 0.2880859390625 0.027145796875 0.2314453125 0.0468881953125
0 0.357421875 0.1024136921875 0.421875 0.28256308125 0.474609375 0.24061048281250003 0.435546875 0.09254249375 0.4052734390625 0.0690983953125 0.357421875 0.1024136921875
0 0.505859375 0.1394306890625 0.525390625 0.146834090625 0.6171875 0.0999458921875 0.6044921875 0.0197423984375 0.490234375 0.07033229375 0.505859375 0.1394306890625
0 0.7070312515625 0.109817090625 0.71875 0.119688290625 0.826171875 0.067864496875 0.8115234390625 0 0.677734375 0.0086373 0.7070312515625 0.109817090625
0 0.9345703125 0 0.859375 0.033315296875 0.892578125 0.146834090625 0.9101562515625 0.1641086890625 1 0.12215609062499999 0.9990234390625 0.014806796875 0.9951171875 0.024678 0.9755859390625 0 0.9345703125 0
0 0.8974609390625 0.1826171890625 0.8466796875 0.204827384375 0.8398437484375 0.220868084375 0.8945312515625 0.396081871875 0.912109375 0.4010174734375 0.9599609390625 0.380041175 0.962890625 0.35412927656250004 0.9335937484375 0.235674884375 0.8974609390625 0.1826171890625
0 0.7099609390625 0.1850849859375 0.6708984390625 0.1801493890625 0.6054687484375 0.208529084375 0.642578125 0.336854675 0.654296875 0.34425807812500003 0.7617187484375 0.2899664796875 0.7460937484375 0.22333588437500002 0.7177734390625 0.1702781890625 0.7099609390625 0.1850849859375
0 0.6064453125 0.44420397031250003 0.5771484390625 0.4565429703125 0.5664062515625 0.4775192671875 0.611328125 0.6354584562500001 0.6328125 0.6576686546875 0.689453125 0.62558725625 0.6523437484375 0.47998706718750006 0.6220703125 0.44420397031250003 0.6064453125 0.44420397031250003
0 0.8310546875 0.5256413656250001 0.7880859390625 0.537980365625 0.78125 0.5811668609375 0.818359375 0.709492453125 0.837890625 0.72183145 0.8837890609375 0.7008551515625 0.888671875 0.6700076546875 0.8554687484375 0.5466176625 0.8310546875 0.5256413656250001
0 0.8466796875 0.7798247468749999 0.734375 0.8328824421875 0.7539062515625 0.9069164390625 0.7734375 0.9093842359375 0.8710937484375 0.860028240625 0.865234375 0.8156078453125 0.853515625 0.8156078453125 0.8466796875 0.7798247468749999
0 0.9101562515625 0.8575604421874999 0.9140625 0.8896418374999999 0.923828125 0.8945774390624999 1 0.8871740406249999 0.9990234390625 0.7748891484375 0.9541015609375 0.7970993453124999 0.9101562515625 0.8575604421874999
0 0.5820312515625 0.74897725 0.615234375 0.8723672406249999 0.630859375 0.8896418374999999 0.6875 0.8575604421874999 0.685546875 0.81067224375 0.6494140609375 0.7156619531249999 0.5820312515625 0.74897725
0 0.0039062515625 0.6280550578125 0.019531251562499997 0.7070246515624999 0.03125 0.709492453125 0.1367187484375 0.6576686546875 0.12109374843750001 0.62558725625 0.1201171875 0.5700617593749999 0.0039062515625 0.6280550578125
0 0.1123046875 0.350427575 0.0732421875 0.350427575 0.0507812515625 0.36893607500000003 0.0507812515625 0.383742875 0.087890625 0.512068465625 0.107421875 0.5392142640625 0.1611328125 0.515770165625 0.1640625 0.47998706718750006 0.1328125 0.371403875 0.1123046875 0.350427575
0 0.1835937484375 0.043186496875 0.203125 0.045654296875 0.2470703125 0.0296135984375 0.251953125 0.0012338984375 0.1728515609375 0 0.1835937484375 0.043186496875