0 0.5467543296875 0.23373559843749997 0.523229515625 0.2502064859375 0.5233430593749999 0.29416884374999996 0.6987866703125001 0.315705003125 0.71674028125 0.30994789375 0.715424584375 0.254255425 0.5467543296875 0.23373559843749997
0 0.3886269 0.2621234375 0.48058678437499996 0.2753584890625 0.4945206015625 0.2256162984375 0.39449789218750003 0.21624204374999997 0.3886269 0.2621234375
0 0.49663973125 0.3907292203125 0.4907687375 0.4366106125 0.6769298046875 0.47383995 0.690275659375 0.448517503125 0.6820992921875 0.40841594375 0.49663973125 0.3907292203125
0 0.35334848124999996 0.41627259375000003 0.449339778125 0.427577246875 0.46144563281249995 0.3758705671875 0.36337604843750004 0.3665076765625 0.35334848124999996 0.41627259375000003
0 0.2139751015625 0.3959232109375 0.30606014843749996 0.4072051390625 0.3202442890625 0.353556696875 0.21801813124999997 0.3480773296875 0.2139751015625 0.3959232109375
0 0.462563465625 0.5566084890624999 0.4585204359375 0.6044543703125 0.616511084375 0.6239351390625 0.643979996875 0.6221410953125 0.6499761515625 0.5743065765625001 0.462563465625 0.5566084890624999
0 0.32539353437499996 0.5323642203125 0.321600828125 0.5763038515625001 0.4114824265625 0.591480665625 0.4234515 0.5876425937499999 0.4274945296875 0.5397967125 0.32539353437499996 0.5323642203125
0 0.1773199015625 0.5715567421875 0.160856615625 0.5997918328125 0.1632114578125 0.6545134218750001 0.2502259484375 0.6686966296875 0.262320184375 0.6629054328125 0.273060875 0.586767646875 0.1773199015625 0.5715567421875
0 0.271430775 0.45975770625 0.254030271875 0.5788415171875 0.279546059375 0.5770361109375 0.29615774375 0.45501693125 0.271430775 0.45975770625
0 0.17470311875 0.5666568859375001 0.1978902953125 0.570699490625 0.229212996875 0.447788971875 0.20523700156250002 0.44081099687499997 0.17470311875 0.5666568859375001
0 0 0.367976884375 0.079296790625 0.37853192343750003 0.09309382656250001 0.3766583390625 0.1016689171875 0.31906955937500003 0 0.30617866718750003 0 0.367976884375
0 0.014863907812499999 0.1339254171875 0.00674 0.2149630609375 0.108590671875 0.226301803125 0.126168796875 0.2264040703125 0.14405832968750001 0.1454232421875 0.014863907812499999 0.1339254171875
0 0.28087601093750003 0.083695921875 0.26548971718750003 0.12561424999999998 0.296940575 0.1531511703125 0.36426080625 0.1545197546875 0.376491821875 0.10085995 0.28087601093750003 0.083695921875
0 0.82175785 0.28711263124999997 0.8178399828125 0.3330053859375 0.95825250625 0.3523838875 0.97778375625 0.3524975171875 0.9738891234375 0.306559309375 0.82175785 0.28711263124999997
0 0.7884325578125 0.44127314999999995 0.784264365625 0.49107215625 0.8685369125 0.50230863125 0.8803808234374999 0.5004236843750001 0.888455265625 0.4506474046875 0.7884325578125 0.44127314999999995
0 0.7500629390625 0.65890455 0.9351470140625 0.68245065 0.9494563171875001 0.6268490828125 0.75032488125 0.6090828187499999 0.7500629390625 0.65890455
0 0.5873418781249999 1 0.593105803125 0.9891695140625 0.4155576734375 0.9090055156249999 0.40242429375000005 0.91576759375 0.3905687640625 0.9635680234375 0.49750010468749994 1 0.5873418781249999 1
0 0.2102408421875 0.8658031734374999 0.1981349890625 0.9175098531250001 0.33409115 0.975939490625 0.3643136234375 0.9311766968749999 0.3567136 0.9125708765624999 0.2102408421875 0.8658031734374999
0 0.09143785625 0.8445965390625 0.1934893859375 0.8832903953125 0.21643785625 0.8453237687499999 0.1025424140625 0.8085148609375 0.09143785625 0.8445965390625
0 0.1309863921875 0.7305262156250001 0.1257412078125 0.766641984375 0.23157382656249997 0.807311690625 0.25111669375 0.7615098375 0.1422918078125 0.72179965 0.1309863921875 0.7305262156250001
0 0.1617473625 0.692605040625 0.146410534375 0.70326200625 0.1502294703125 0.7198919765625 0.252030675 0.76249208125 0.2662031984375 0.754759121875 0.2627597484375 0.7322697781249999 0.1617473625 0.692605040625
0 0 0.725663484375 0.0689375734375 0.7536114640625 0.09154840625 0.73615833125 0.090558728125 0.70586785 0 0.6755802390625 0 0.725663484375
0 0 0.8406647203125001 0.025570101562500003 0.85105181875 0.054214937500000004 0.8004182875 0 0.7766619484375 0 0.8406647203125001
0 0.050361146875 0.9215347625 0.0882971890625 0.939340146875 0.11436309062500001 0.8984608765625 0.067700565625 0.8796277968749999 0.050361146875 0.9215347625
0 0.17316841875 1 0.0340230234375 0.9478167281250001 0.01605779375 0.99948931875 0.103836484375 1 0.17316841875 1