0 0.08984375 0.034093765625 0.0908203125 0 0.041015625 0.0011756484374999998 0.0419921875 0.0305668265625 0.08984375 0.034093765625
0 0.126953125 0.1163890671875 0.126953125 0.055255414062499994 0.0986328125 0.0564310625 0.09765625 0.1163890671875 0.126953125 0.1163890671875
0 0.169921875 0.1187403609375 0.177734375 0.0670118859375 0.1298828125 0.05407976875 0.12890625 0.1116864765625 0.169921875 0.1187403609375
0 0.201171875 0.1187403609375 0.2119140625 0.129321184375 0.22265625 0.1281455359375 0.232421875 0.1163890671875 0.240234375 0.07406576875000001 0.2119140625 0.06348494375 0.201171875 0.1187403609375
0 0.259765625 0.1281455359375 0.267578125 0.0975787125 0.2412109375 0.08464659218750001 0.232421875 0.1187403609375 0.259765625 0.1281455359375
0 0.361328125 0.1587123625 0.375 0.1234429484375 0.3447265625 0.1058082421875 0.330078125 0.142253303125 0.361328125 0.1587123625
0 0.3818359375 0.0188103546875 0.357421875 0.0599580046875 0.349609375 0.09522741875 0.376953125 0.10933518281250001 0.3984375015625 0.09993000625000001 0.41796875 0.0458502375 0.4150390625 0.0282155328125 0.3818359375 0.0188103546875
0 0.455078125 0.0764170640625 0.470703125 0.036445059375 0.4462890625 0.0211616484375 0.42578125 0.0646605921875 0.455078125 0.0764170640625
0 0.4326171875 0.08464659218750001 0.421875 0.088173534375 0.396484375 0.16341495 0.3974609375 0.17634706875 0.423828125 0.18927918906250002 0.44140625 0.16341495 0.45703125 0.1116864765625 0.4541015625 0.0917004765625 0.4326171875 0.08464659218750001
0 0.369140625 0.18927918906250002 0.361328125 0.20808954218750003 0.3642578125 0.21867036718750002 0.3935546875 0.2374807203125 0.412109375 0.23630507343749999 0.42578125 0.215143425 0.4208984375 0.2045626015625 0.3779296875 0.185752246875 0.369140625 0.18927918906250002
0 0.5029296875 0.047025884375 0.484375 0.09522741875 0.484375 0.12109165468750001 0.5234375015625 0.1234429484375 0.5439453125 0.11991600625000001 0.544921875 0.10463259375 0.529296875 0.048201532812499996 0.5029296875 0.047025884375
0 0.51171875 0.146955890625 0.513671875 0.1751714234375 0.52734375 0.1869278921875 0.55078125 0.172820128125 0.5439453125 0.1363750671875 0.5185546875 0.1387263609375 0.51171875 0.146955890625
0 0.5078124984375 0.20338695312500002 0.4794921875 0.19986001250000002 0.474609375 0.2551154265625 0.5156935328125 0.255131746875 0.5078124984375 0.20338695312500002
0 0.4580078125 0.2915604890625 0.51953125 0.290384840625 0.5234375015625 0.26922319375 0.5166015625 0.2656962515625 0.453125 0.2645206046875 0.4580078125 0.2915604890625
0 0.515625 0.33505943125000004 0.521484375 0.2974387234375 0.4931640625 0.2939117828125 0.486328125 0.3256542546875 0.515625 0.33505943125000004
0 0.52734375 0.283330959375 0.556640625 0.288033546875 0.5859375015625 0.2809796625 0.5810546875 0.239832015625 0.525390625 0.2480615453125 0.52734375 0.283330959375
0 0.59375 0.09522741875 0.607421875 0.10463259375 0.634765625 0.090524828125 0.6240234375 0.0493771796875 0.5859375015625 0.0646605921875 0.59375 0.09522741875
0 0.6923828125 0.0235129421875 0.6494140625 0.0376207078125 0.6484375015625 0.0505528265625 0.6875 0.20808954218750003 0.705078125 0.21279213125 0.7314453125 0.20221130625 0.736328125 0.18457659843750002 0.703125 0.034093765625 0.6923828125 0.0235129421875
0 0.7978515625 0 0.8046875015625 0.043498943750000005 0.826171875 0.05760671093750001 0.8486328125 0.051728474999999996 0.85546875 0.038796356250000004 0.84765625 0.0011756484374999998 0.7978515625 0
0 0.771484375 0.2198460125 0.779296875 0.2433589546875 0.8046875015625 0.27862836875 0.8505859375 0.256291075 0.8671875015625 0.23395377968750003 0.8466796875 0.1786983640625 0.771484375 0.2198460125
0 0.859375 0.20808954218750003 0.8671875015625 0.23160248437500003 0.859375 0.2480615453125 0.873046875 0.2574667203125 0.94140625 0.2198460125 0.9169921875 0.1575367140625 0.861328125 0.1869278921875 0.859375 0.20808954218750003
0 0.8994140625 0.0493771796875 0.9296875015625 0.052904120312500004 0.9375 0.036445059375 0.9208984375 0 0.8828124984375 0.024688590625 0.8994140625 0.0493771796875
0 0.978515625 0.3044926078125 0.990234375 0.3091951953125 1 0.2974387234375 0.9990234375 0.251588484375 0.966796875 0.276277075 0.978515625 0.3044926078125
0 0.9443359375 0.317424725 0.927734375 0.344464609375 0.9296875015625 0.358572375 0.9453124984375 0.37268013906249997 0.958984375 0.36092366875000004 0.970703125 0.3327081375 0.9658203125 0.305668253125 0.9443359375 0.317424725
0 0.9111328125 0.3691532 0.896484375 0.400895671875 0.9033203125 0.41617908437500006 0.923828125 0.41500343749999996 0.939453125 0.400895671875 0.94140625 0.37268013906249997 0.9287109375 0.362099315625 0.9111328125 0.3691532
0 0.837890625 0.4878935578125 0.85546875 0.5020013234375 0.884765625 0.48319097031249997 0.8642578125 0.439692025 0.828125 0.454975440625 0.837890625 0.4878935578125
0 0.7822265625 0.357396728125 0.76171875 0.3679775515625 0.76171875 0.38443661093750003 0.7734375015625 0.4408676734375 0.796875 0.466731909375 0.82421875 0.45027285 0.82421875 0.419706025 0.8046875015625 0.36092366875000004 0.7822265625 0.357396728125
0 0.794921875 0.5372707375 0.806640625 0.5396220328125 0.833984375 0.518460384375 0.8134765625 0.4796640296875 0.783203125 0.4925961484375 0.794921875 0.5372707375
0 0.806640625 0.5701888578125 0.81640625 0.603106978125 0.82421875 0.603106978125 0.84765625 0.584296625 0.8349609375 0.55255415 0.8095703125 0.561959328125 0.806640625 0.5701888578125
0 0.8447265625 0.616039096875 0.8349609375 0.5995800359375 0.818359375 0.6172147421874999 0.841796875 0.6689432171874999 0.8515624984375 0.6736458046875 0.8798828125 0.6560110984375 0.888671875 0.6407276859375 0.8603515625 0.5995800359375 0.8447265625 0.616039096875
0 0.890625 0.58664791875 0.912109375 0.6125121546875001 0.9453124984375 0.563134975 0.9208984375 0.5172847375 0.8828124984375 0.5607836796875 0.890625 0.58664791875
0 0.99609375 0.459678028125 0.9990234375 0.36680190625 0.95703125 0.42205732031250004 0.9677734375 0.439692025 0.99609375 0.459678028125
0 1 0.5889992125 0.9716796875 0.566661915625 0.953125 0.5984043890625 0.9873046875 0.6324981562499999 1 0.636025096875 1 0.5889992125
0 0.939453125 0.6289712140625 0.96875 0.6571867453125 0.98046875 0.6477815687499999 0.984375 0.6313225078125 0.9521484375 0.604282625 0.939453125 0.6289712140625
0 0.92578125 0.6477815687499999 0.9541015625 0.6865779234375 0.9609375015625 0.6854022765625001 0.970703125 0.6642406281250001 0.9404296875 0.6301468625 0.9326171875 0.6301468625 0.92578125 0.6477815687499999
0 0.951171875 0.7488872203125 0.9716796875 0.7759271046875 0.984375 0.777102753125 1 0.7465359265625 0.9873046875 0.7218473375000001 0.9677734375 0.7100908671874999 0.951171875 0.7488872203125
0 0.9365234375 0.8323581671875001 0.951171875 0.833533815625 0.982421875 0.7982644015625 0.9443359375 0.7524141625 0.912109375 0.7935618140625 0.9365234375 0.8323581671875001
0 0.8427734375 0.8676275812500001 0.8701171875 0.8488172281249999 0.9013671875 0.879384053125 0.91015625 0.87820840625 0.935546875 0.838236403125 0.8583984375 0.74536028125 0.810546875 0.8241286375 0.8427734375 0.8676275812500001
0 0.8408203125 0.98519229375 0.84765625 0.9840166484375 0.87890625 0.946395940625 0.8349609375 0.9028969953124999 0.806640625 0.9393420562499999 0.8408203125 0.98519229375
0 0.853515625 0.899370053125 0.87890625 0.9299368796874999 0.90625 0.894667465625 0.90625 0.8852622890624999 0.8857421875 0.8652762875000001 0.853515625 0.899370053125
0 1 0.9205317015625001 0.9775390625 0.9358151156250001 0.97265625 0.9252342921875 0.978515625 0.9205317015625001 0.9599609375 0.9052482890625001 0.935546875 0.9393420562499999 0.935546875 0.9510985281250001 0.9794921875 0.9945974718749999 0.9921875015625 0.9957731187500001 1 0.9934218234375001 1 0.9205317015625001
0 0.822265625 0.7441846328125 0.841796875 0.706563925 0.8154296875 0.684226628125 0.79296875 0.723022984375 0.822265625 0.7441846328125
0 0.76171875 0.6995100421875 0.771484375 0.7018613375 0.80859375 0.6689432171874999 0.7861328125 0.616039096875 0.740234375 0.638376390625 0.76171875 0.6995100421875
0 0.740234375 0.6148634484375 0.75390625 0.6172147421874999 0.78125 0.6007556828125 0.7763671875 0.564310621875 0.736328125 0.5748914468749999 0.740234375 0.6148634484375
0 0.728515625 0.5607836796875 0.736328125 0.563134975 0.775390625 0.5537297984375 0.7666015625 0.5219873265625 0.728515625 0.5372707375 0.728515625 0.5607836796875
0 0.720703125 0.5278655624999999 0.7265624984375 0.53256815 0.765625 0.516109090625 0.7587890625 0.48436661875000003 0.71875 0.49965002968750005 0.720703125 0.5278655624999999
0 0.736328125 0.48319097031249997 0.751953125 0.48319097031249997 0.763671875 0.4761370875 0.7548828125 0.44674590937499997 0.732421875 0.45732673437500004 0.736328125 0.48319097031249997
0 0.69140625 0.40794955312500003 0.703125 0.4126521421875 0.740234375 0.398544378125 0.7314453125 0.362099315625 0.6875 0.3679775515625 0.69140625 0.40794955312500003
0 0.65234375 0.4291112015625 0.6640624984375 0.4291112015625 0.689453125 0.41030084687499996 0.6865234375 0.38090966875 0.646484375 0.398544378125 0.65234375 0.4291112015625
0 0.6640624984375 0.4902448546875 0.6796875015625 0.4925961484375 0.705078125 0.47848838125000004 0.6962890625 0.44674590937499997 0.662109375 0.45732673437500004 0.6640624984375 0.4902448546875
0 0.6640624984375 0.5372707375 0.673828125 0.5443246203125 0.70703125 0.53256815 0.6982421875 0.4914205 0.658203125 0.5067039125 0.6640624984375 0.5372707375
0 0.6943359375 0.5784183890625 0.70703125 0.577242740625 0.72265625 0.5584323859375 0.7041015625 0.533743796875 0.671875 0.5466759156250001 0.6943359375 0.5784183890625
0 0.689453125 0.59135050625 0.6953124984375 0.6219173328125 0.70703125 0.6242686265625 0.72265625 0.5984043890625 0.7138671875 0.5784183890625 0.7021484375 0.5784183890625 0.689453125 0.59135050625
0 0.6982421875 0.6419033328125 0.705078125 0.6806996890625 0.728515625 0.6830509828125 0.73828125 0.65248415625 0.736328125 0.636025096875 0.7275390625 0.6301468625 0.6982421875 0.6419033328125
0 0.66015625 0.6948074531249999 0.6513671875 0.6372007453124999 0.5947265625 0.6583623921874999 0.59765625 0.6806996890625 0.5703124984375 0.692456159375 0.57421875 0.7277255734375 0.5859375015625 0.7300768671875 0.595703125 0.7206716906249999 0.5986328125 0.6983343953125 0.6103515625 0.7147934546875 0.66015625 0.6948074531249999
0 0.58203125 0.777102753125 0.58984375 0.7865079296874999 0.62890625 0.77004886875 0.6181640625 0.72419863125 0.576171875 0.7394820453125 0.58203125 0.777102753125
0 0.595703125 0.8358851093749999 0.6005859375 0.8441146390625001 0.611328125 0.8429389921875 0.6328124984375 0.81942605 0.6279296875 0.7712245171875 0.587890625 0.7865079296874999 0.595703125 0.8358851093749999
0 0.6708984375 0.8464659328125 0.6220703125 0.8605737 0.6142578125 0.8464659328125 0.6044921875 0.8488172281249999 0.599609375 0.8664519359374999 0.607421875 0.892316171875 0.6181640625 0.912302171875 0.625 0.911126525 0.6865234375 0.8934918203125 0.69140625 0.8805597000000001 0.685546875 0.8499928750000001 0.6708984375 0.8464659328125
0 0.642578125 0.8499928750000001 0.650390625 0.85234416875 0.681640625 0.840587696875 0.6748046875 0.808845225 0.638671875 0.82177734375 0.642578125 0.8499928750000001
0 0.55859375 0.9252342921875 0.5654296875 0.940517703125 0.572265625 0.9393420562499999 0.61328125 0.9181804078125 0.5947265625 0.8605737 0.546875 0.87820840625 0.55859375 0.9252342921875
0 0.60546875 0.9981244140625 0.5908203125 0.9593280578125001 0.568359375 0.9675575875 0.5751953125 0.9993000593750001 0.60546875 0.9981244140625
0 0.513671875 0.962855 0.5234375015625 0.962855 0.548828125 0.948747234375 0.5380859375 0.9146534671875 0.50390625 0.9322881734375 0.513671875 0.962855
0 0.474609375 0.9252342921875 0.48828125 0.9369907625 0.5234375015625 0.9181804078125 0.5068359375 0.877032759375 0.466796875 0.889964878125 0.474609375 0.9252342921875
0 0.484375 0.8288312281250001 0.490234375 0.8711545234375 0.49609375 0.8735058171875 0.52734375 0.8641006390625 0.53515625 0.8499928750000001 0.5302734375 0.820601696875 0.484375 0.8288312281250001
0 0.5244140625 0.7876835765625 0.55859375 0.8053182828125 0.568359375 0.7982644015625 0.5595703125 0.7665219296875 0.521484375 0.7724001656249999 0.5244140625 0.7876835765625
0 0.53515625 0.82647993125 0.5390624984375 0.8476415812500001 0.548828125 0.8499928750000001 0.572265625 0.840587696875 0.5634765625 0.80649393125 0.5498046875 0.80649393125 0.53515625 0.82647993125
0 0.484375 0.8076695765625 0.490234375 0.8100208734375001 0.517578125 0.8006156953125 0.5166015625 0.7735758109375 0.482421875 0.777102753125 0.484375 0.8076695765625
0 0.4833984375 0.7735758109375 0.51171875 0.7724001656249999 0.517578125 0.7582923984375001 0.5107421875 0.731252515625 0.478515625 0.7347794578125 0.4833984375 0.7735758109375
0 0.5205078125 0.7100908671874999 0.515625 0.718320396875 0.51953125 0.767697575 0.537109375 0.77004886875 0.55859375 0.76534628125 0.5546875015625 0.7206716906249999 0.5458984375 0.7053882796875001 0.5205078125 0.7100908671874999
0 0.4453124984375 0.6854022765625001 0.470703125 0.6877535703125 0.484375 0.6830509828125 0.4765624984375 0.6266199203125 0.4404296875 0.6324981562499999 0.4453124984375 0.6854022765625001
0 0.486328125 0.6806996890625 0.517578125 0.6830509828125 0.52734375 0.6759970984375 0.51953125 0.6242686265625 0.4853515625 0.6230929781250001 0.486328125 0.6806996890625
0 0.5205078125 0.613687803125 0.51953125 0.6242686265625 0.53125 0.661889334375 0.546875 0.6736458046875 0.5703124984375 0.65248415625 0.5546875015625 0.6078095671875 0.5419921875 0.60193133125 0.5205078125 0.613687803125
0 0.4892578125 0.536095090625 0.470703125 0.5513785046875 0.470703125 0.5607836796875 0.494140625 0.6125121546875001 0.50390625 0.6148634484375 0.513671875 0.6101608609375 0.521484375 0.577242740625 0.50390625 0.5466759156250001 0.4892578125 0.536095090625
0 0.52734375 0.579594034375 0.54296875 0.5560810921875 0.5087890625 0.5172847375 0.498046875 0.53491944375 0.52734375 0.579594034375
0 0.498046875 0.53021685625 0.517578125 0.5678375640625 0.53125 0.577242740625 0.56640625 0.53021685625 0.56640625 0.5208116781250001 0.5341796875 0.4914205 0.498046875 0.53021685625
0 0.552734375 0.4714345 0.546875 0.49494744218750003 0.5771484375 0.5149334421875 0.6015624984375 0.518460384375 0.611328125 0.5090552078125 0.6171875015625 0.45732673437500004 0.5751953125 0.43734073125000006 0.552734375 0.4714345
0 0.5771484375 0.5172847375 0.56640625 0.5607836796875 0.59765625 0.5654862703125 0.603515625 0.5607836796875 0.603515625 0.5419733265625 0.5927734375 0.5219873265625 0.5771484375 0.5172847375
0 0.365234375 0.65483545 0.36328125 0.6712945109375 0.376953125 0.6830509828125 0.416015625 0.645430275 0.4091796875 0.6277955671875 0.3935546875 0.625444271875 0.365234375 0.65483545
0 0.345703125 0.64307898125 0.359375 0.6477815687499999 0.390625 0.6266199203125 0.3759765625 0.60193133125 0.34375 0.6289712140625 0.345703125 0.64307898125
0 0.3525390625 0.49377179375 0.314453125 0.5419733265625 0.326171875 0.5701888578125 0.333984375 0.5725401531250001 0.3623046875 0.561959328125 0.3828124984375 0.525514265625 0.3779296875 0.5102308546875001 0.3525390625 0.49377179375
0 0.41796875 0.516109090625 0.4189453125 0.533743796875 0.439453125 0.5396220328125 0.4765624984375 0.5114065015625 0.4677734375 0.48671791249999996 0.4541015625 0.48436661875000003 0.41796875 0.516109090625
0 0.49609375 0.4925961484375 0.50390625 0.49494744218750003 0.5234375015625 0.47378579375 0.5107421875 0.4561510859375 0.490234375 0.47378579375 0.49609375 0.4925961484375
0 0.5703124984375 0.41500343749999996 0.580078125 0.3703288453125 0.5419921875 0.359748021875 0.52734375 0.398544378125 0.5703124984375 0.41500343749999996
0 0.54296875 0.344464609375 0.583984375 0.36327496406250004 0.59375 0.3538697859375 0.587890625 0.2974387234375 0.5419921875 0.300965665625 0.54296875 0.344464609375
0 0.5126953125 0.45144849843749996 0.52734375 0.459678028125 0.55859375 0.41735473125 0.5087890625 0.38561225781249997 0.490234375 0.419706025 0.5126953125 0.45144849843749996
0 0.4814453125 0.40442261406249996 0.490234375 0.403246965625 0.50390625 0.3773827296875 0.4775390625 0.359748021875 0.46484375 0.38443661093750003 0.4814453125 0.40442261406249996
0 0.431640625 0.3750314328125 0.46875 0.4126521421875 0.478515625 0.403246965625 0.4765624984375 0.396193084375 0.4384765625 0.357396728125 0.431640625 0.3750314328125
0 0.447265625 0.4385163796875 0.46484375 0.41030084687499996 0.42730917812499997 0.373369553125 0.4113483953125 0.39807445 0.447265625 0.4385163796875
0 0.41015625 0.47848838125000004 0.4130859375 0.48906920625000005 0.421875 0.4878935578125 0.44921875 0.46202932187499995 0.4443359375 0.449097203125 0.4306640625 0.4537997921875 0.41015625 0.47848838125000004
0 0.36328125 0.4408676734375 0.416015625 0.46202932187499995 0.4375 0.4361650859375 0.4228515625 0.418530378125 0.3837890625 0.39736872968750003 0.36328125 0.4408676734375
0 0.30078125 0.5114065015625 0.30078125 0.5231629718749999 0.3125 0.5372707375 0.345703125 0.49494744218750003 0.3427734375 0.4820153234375 0.3310546875 0.477312734375 0.30078125 0.5114065015625
0 0.2958984375 0.420881671875 0.2763671875 0.40442261406249996 0.24609375 0.45027285 0.259765625 0.4714345 0.251953125 0.49729873593749996 0.26953125 0.5114065015625 0.3046875015625 0.45262414531250006 0.330078125 0.4291112015625 0.3115234375 0.4020713171875 0.2958984375 0.420881671875
0 0.3232421875 0.4091252015625 0.330078125 0.40794955312500003 0.34765625 0.3538697859375 0.3212890625 0.3221273140625 0.29296875 0.3750314328125 0.3232421875 0.4091252015625
0 0.228515625 0.42205732031250004 0.263671875 0.3703288453125 0.2470703125 0.34799155000000004 0.208984375 0.400895671875 0.228515625 0.42205732031250004
0 0.208984375 0.3021413140625 0.26953125 0.3538697859375 0.298828125 0.3068439015625 0.2392578125 0.2680475453125 0.2216796875 0.2703988390625 0.208984375 0.3021413140625
0 0.13671875 0.3562210796875 0.16796875 0.3750314328125 0.193359375 0.3162490765625 0.1611328125 0.298614371875 0.142578125 0.33035684375 0.13671875 0.3562210796875
0 0.072265625 0.346815903125 0.0869140625 0.3691532 0.10156249843750001 0.3703288453125 0.12109375 0.3538697859375 0.13671875 0.3256542546875 0.1103515625 0.2939117828125 0.072265625 0.346815903125
0 0.14453125 0.41735473125 0.166015625 0.3820853171875 0.1337890625 0.359748021875 0.115234375 0.403246965625 0.14453125 0.41735473125
0 0.2919921875 0.2798040171875 0.3046875015625 0.2809796625 0.318359375 0.23395377968750003 0.2412109375 0.181049659375 0.22265625 0.23160248437500003 0.2919921875 0.2798040171875
0 0.3515624984375 0.3162490765625 0.373046875 0.26922319375 0.3486328125 0.25393978125 0.328125 0.3021413140625 0.3515624984375 0.3162490765625
0 0.353515625 0.318600371875 0.3740234375 0.3385863734375 0.40234375 0.344464609375 0.416015625 0.32800555 0.421875 0.2997900171875 0.3759765625 0.2727501328125 0.353515625 0.318600371875
0 0.134765625 0.259818015625 0.16076232031249998 0.28473791406250004 0.1669921875 0.28920919375 0.203125 0.2927361359375 0.216796875 0.276277075 0.205078125 0.24100766093749998 0.1552734375 0.2116164828125 0.134765625 0.259818015625
0 0.07421875 0.24571025156249998 0.11328125 0.27392578125 0.134765625 0.2245486015625 0.1025390625 0.19986001250000002 0.07421875 0.23630507343749999 0.07421875 0.24571025156249998
0 0.3154296875 0.2116164828125 0.353515625 0.2245486015625 0.37109375 0.17752271718749998 0.3251953125 0.1457802453125 0.3046875015625 0.1986843640625 0.3154296875 0.2116164828125
0 0.02734375 0.21279213125 0.056640625 0.23630507343749999 0.10156249843750001 0.1681175390625 0.09765625 0.14930718437499998 0.0732421875 0.134023771875 0.02734375 0.21279213125
0 0.015625 0.031742471875 0.01171875 0.092876121875 0.0205078125 0.101105653125 0.044921875 0.10228129999999999 0.087890625 0.0787683578125 0.0849609375 0.0376207078125 0.0380859375 0.0282155328125 0.015625 0.031742471875
0 0.216796875 0.226899896875 0.236328125 0.17752271718749998 0.1865234375 0.1528341265625 0.169921875 0.201035659375 0.216796875 0.226899896875
0 0.0966796875 0.54550026875 0.025390625 0.6078095671875 0.05859375 0.6806996890625 0.0791015625 0.7077395734375 0.087890625 0.706563925 0.185546875 0.6172147421874999 0.185546875 0.5984043890625 0.1767578125 0.5878235640625 0.0966796875 0.54550026875
0 0.142578125 0.777102753125 0.16796875 0.8053182828125 0.220703125 0.7559411046875 0.1904296875 0.6983343953125 0.130859375 0.7465359265625 0.142578125 0.777102753125
0 0.0009765625 0.9993000593750001 0.111328125 0.9981244140625 0.140625 0.9746114703125001 0.0791015625 0.881735346875 0 0.9416933515625001 0.0009765625 0.9993000593750001
0 0.7109375015625 0.3233029609375 0.73046875 0.3256542546875 0.76171875 0.31389778281249997 0.7451171875 0.246885896875 0.697265625 0.2645206046875 0.7109375015625 0.3233029609375
0 0.650390625 0.23630507343749999 0.666015625 0.23630507343749999 0.66015625 0.201035659375 0.6474609375 0.1951574234375 0.642578125 0.20808954218750003 0.650390625 0.23630507343749999