0 0.9904990343750001 0.8180217687500001 0.92936538125 0.8215823984374999 0.9309007656249999 0.8508792734374999 0.990807590625 0.8464105546875 0.9904990343750001 0.8180217687500001
0 0.9760812296875001 0.7679252546875001 0.924762190625 0.7787505953125 0.9339656125 0.8193553796874999 0.991521140625 0.8150236078124999 0.9760812296875001 0.7679252546875001
0 0.977816890625 0.733540146875 0.9657518609375 0.7058360968749999 0.9238379984374999 0.7161136484374999 0.9125933234374999 0.726564009375 0.91198065 0.7373746718749999 0.9231244468750001 0.7475005953125 0.977816890625 0.733540146875
0 0.9408058921875 0.6798618203125 0.9106485031249999 0.689454634375 0.9214867046874999 0.7162505953125 0.9551198578125 0.705475796875 0.9408058921875 0.6798618203125
0 0.9093119140624999 0.573946365625 0.8747590125 0.58967245 0.8928558140625 0.61996381875 0.9285331828125001 0.6031926984375 0.9093119140624999 0.573946365625
0 1 0.5280998578125 0.9846527281249999 0.5264583546875 0.9315965484375001 0.549139390625 0.9233173203125 0.57117155625 0.938858109375 0.5976936234375 0.9737180875 0.5878269140625 1 0.5701527890625 1 0.5280998578125
0 1 0.48554081875 0.9912942140625001 0.473176190625 0.95214108125 0.4911292953125 0.9654329374999999 0.5197414328125001 1 0.5009674359375 1 0.48554081875
0 0.9421247125000001 0.52501715625 0.94508868125 0.514069546875 0.9369088484375 0.4929960140625 0.916769309375 0.49123037968750005 0.8658597078125 0.50986821875 0.8409167 0.5289527656249999 0.8552306656249999 0.5545667421875 0.8682139640625 0.55479009375 0.9421247125000001 0.52501715625
0 0.8253818328125 0.59254834375 0.8437827499999999 0.5836402656249999 0.8468490765625001 0.57464578125 0.825786825 0.532772609375 0.8149501046875001 0.528506059375 0.79450496875 0.5434104609375 0.79430173125 0.5620336218750001 0.8146474687499999 0.59023491875 0.8253818328125 0.59254834375
0 0.9790244671874999 0.441565890625 0.9764669734375 0.41526717656249995 0.919217040625 0.4029289125 0.9039848078125001 0.40479563281250003 0.9015326343750001 0.4255088640625 0.9059311062500001 0.46443441874999997 0.9317953421875 0.4629279984375 0.9790244671874999 0.441565890625
0 0.88650511875 0.4312818359375 0.887525746875 0.4057542625 0.8507224296875 0.401041009375 0.837842971875 0.4253001921875 0.8503159531250001 0.43828733125 0.8786338453125 0.4385970890625 0.88650511875 0.4312818359375
0 0.8274186453124999 0.47390496562499995 0.8224075015625001 0.445790075 0.7702496796875 0.44092283125 0.7724191296875 0.48200603906249995 0.8274186453124999 0.47390496562499995
0 0.7596375875 0.44063011406249997 0.7557523890625 0.433999596875 0.734795459375 0.4391383734375 0.7368441171875 0.500730284375 0.7641399 0.504038203125 0.7596375875 0.44063011406249997
0 0.7276392171875 0.43759609062499993 0.6903255875000001 0.44564662187500004 0.701266146875 0.47439570781249996 0.7326503625 0.46571098125 0.7276392171875 0.43759609062499993
0 0.782123978125 0.37467056875 0.7407204328125 0.37218433281249996 0.7352019328125 0.4018920515625 0.7414399046875 0.43091503124999997 0.776811678125 0.430813946875 0.782123978125 0.37467056875
0 0.9703269171875 0.3206090875 0.92861629375 0.312263478125 0.9159415546874999 0.3404289125 0.9260632421875 0.3535529984375 0.957039503125 0.35958518125 0.9703269171875 0.3206090875
0 0.980752721875 0.2945337265625 0.9926085921875 0.2507432921875 0.9814647937500001 0.24061736875 0.829241859375 0.2161788703125 0.8118630484375 0.2220887875 0.8026640687500001 0.2490722375 0.8082878890625 0.26637646875 0.9678717828125001 0.2962634984375 0.980752721875 0.2945337265625
0 1 0.09316249531250001 0.96877820625 0.08854751250000001 0.95620434375 0.0961366609375 0.9515032343750001 0.118939965625 0.9667369499999999 0.13960265624999998 1 0.142865778125 1 0.09316249531250001
0 0.8293368125 0.1054849390625 0.773006628125 0.0881953875 0.751539384375 0.10609795 0.731607525 0.1532973859375 0.7682076062500001 0.17663380312500002 0.792129984375 0.1830768296875 0.8293368125 0.1054849390625
0 0.7992803015625001 0.09450146875 0.8203395921875 0.09131581718750001 0.8468135406249999 0.0339399140625 0.78322475625 0.013154954687500001 0.7491866109374999 0.0837054859375 0.7593082984375 0.09682957187499999 0.7753579234375 0.08805843906250001 0.7992803015625001 0.09450146875
0 1 0.0192496578125 0.9668304265625001 0.006379315625 0.9507808015625001 0.0151504453125 0.9558943062499999 0.0452184625 0.9814529453124999 0.06038208125 1 0.028078514062499997 1 0.0192496578125
0 0.649062234375 0 0.64122586875 0.0037936671875 0.6301859109375 0.0181502796875 0.645112546875 0.032953593749999996 0.659322671875 0.0340850359375 0.6854925046875 0.0159085796875 0.69312098125 0 0.649062234375 0
0 0.63550413125 0.052124545312500006 0.6416367859375 0.034135578124999996 0.6303906296874999 0.022056528125 0.6022774546874999 0.025653021874999998 0.5889885609375 0.0420997046875 0.5888876828125 0.062675990625 0.6045293515625 0.068621771875 0.63550413125 0.052124545312500006
0 0.5674219218750001 0.1031079640625 0.5228482078125001 0.08513367656250001 0.5055732390625 0.1155261296875 0.520602234375 0.132282571875 0.554032146875 0.140130934375 0.5674219218750001 0.1031079640625
0 0.6445102390625 0.201470134375 0.65401629375 0.18034605937499998 0.649312225 0.158090540625 0.5895062796875 0.14198297499999998 0.5589394546875 0.1437632890625 0.5439134203125 0.1720656703125 0.5710059640625 0.1939967484375 0.6280511796875 0.20242876562499998 0.6445102390625 0.201470134375
0 0.53011125 0.15621731875 0.49024012656249993 0.1379691359375 0.470511503125 0.1665454125 0.47347695156249997 0.1781272140625 0.51876569375 0.187243965625 0.53011125 0.15621731875
0 0.44802066875 0.1649167234375 0.45609518125 0.138978309375 0.423687371875 0.12813178593750002 0.4061053265625 0.1526648640625 0.40651476249999996 0.1604773640625 0.439944678125 0.1683257265625 0.44802066875 0.1649167234375
0 0.4090692953125 0.14171725468750002 0.3920984390625 0.1329102609375 0.407738628125 0.1163266296875 0.36510677343750003 0.0904028953125 0.3502839765625 0.100082115625 0.334133475 0.129429534375 0.3393478578125 0.1389212625 0.3923046390625 0.15934592187500002 0.4090692953125 0.14171725468750002
0 0.4868608 0.05098660000000001 0.43973107499999997 0.0292430109375 0.3920939984375 0.065322028125 0.41908418281250004 0.0852999828125 0.44535785624999996 0.0916060640625 0.4868608 0.05098660000000001
0 0.37787493906249997 0 0.40405222500000004 0.02348471875 0.43482228906250003 0.00308124375 0.43210571875000003 0 0.37787493906249997 0
0 0.3525374375 0 0.3444509984375 0.0112834015625 0.3742019125 0.038936909375 0.39822516874999997 0.02480365 0.3749775203125 0 0.3525374375 0
0 0.3733845203125 0.0458413203125 0.3729750859375 0.0380288203125 0.33729475625 0.00974111875 0.3166449015625 0.0207392671875 0.31582751249999996 0.0276436796875 0.356108071875 0.053704362500000005 0.3733845203125 0.0458413203125
0 0.2282328625 0 0.22371611875 0.0026427140625 0.2255571 0.015269553124999998 0.253671753125 0.034202471875 0.2915980546875 0.015341278125 0.281194940625 0 0.2282328625 0
0 0.25050306718750004 0.0412438296875 0.20265682968749998 0.0058283640625 0.1690251578125 0.0391325734375 0.1709684984375 0.053712537500000004 0.2110443390625 0.0758669703125 0.25050306718750004 0.0412438296875
0 0.14061231406250002 0.149516746875 0.1858001796875 0.179209784375 0.2620607421875 0.1267704875 0.1651414421875 0.05503146875 0.1265001046875 0.082750196875 0.1257850734375 0.0916077328125 0.1579896421875 0.12107741875 0.14061231406250002 0.149516746875
0 0.1057523359375 0.15938345625 0.059950314062499996 0.11797166875000001 0.0239673484375 0.1514128265625 0.0231499609375 0.15831723749999999 0.0707914796875 0.1898264515625 0.1057523359375 0.15938345625
0 0.119650940625 0.0870672890625 0.1102457640625 0.087615078125 0.076409375 0.1170130375 0.1083068671875 0.1406233484375 0.14071171093749998 0.10641105 0.119650940625 0.0870672890625
0 0.0064845859375 0 0.0046363171875 0.007566310937499999 0.006477296875000001 0.0201931515625 0.05227931718749999 0.061604939062499996 0.0640357890625 0.0609202015625 0.09685006874999999 0.034520403125 0.080594246875 0.0168558734375 0.0761987328125 0.02298914375 0.0653620125 0.01872259375 0.07667224218749999 0 0.0064845859375 0
0 0.30172715 0.1411124203125 0.26513003125 0.16283482656249998 0.28782706406249997 0.1908991765625 0.3254462921875 0.1661786078125 0.30172715 0.1411124203125
0 0.3951692078125 0.1915040109375 0.34108795937499997 0.1721243875 0.310114659375 0.211151025 0.3129777484375 0.220779703125 0.3752373484375 0.2387034484375 0.3951692078125 0.1915040109375
0 0.44740947656249996 0.1982567953125 0.41070851875000003 0.1954966671875 0.39568248437500003 0.22379904687500002 0.398750290625 0.237333975 0.43892701093750003 0.23891212187500002 0.44740947656249996 0.1982567953125
0 0.49024456718750004 0.2055573703125 0.4580414796875 0.1986170953125 0.45068348281250004 0.23822738437500002 0.4534442140625 0.2459029375 0.47695715625 0.2445334640625 0.49024456718750004 0.2055573703125
0 0.5282747109375 0.21117871250000003 0.4961739828125 0.2061915640625 0.4817621015625 0.24621269687499997 0.4867717671875 0.251798175 0.5150896578124999 0.2521079328125 0.5282747109375 0.21117871250000003
0 0.5661001375 0.21289380625 0.5362483453125 0.205816584375 0.529808615625 0.2179461765625 0.5306274875 0.2335711765625 0.556696440625 0.23597100625 0.5661001375 0.21289380625
0 0.6519750390625 0.23140120312499998 0.6150693609375 0.2247348234375 0.6029064171875 0.26266588281250003 0.608223159375 0.2741107375 0.6483998796875 0.275688884375 0.6519750390625 0.23140120312499998
0 0.6355189421875 0.27741865625 0.605974225 0.2762008109375 0.5884945375 0.302687015625 0.589108690625 0.3144057640625 0.619982590625 0.3184848234375 0.6355189421875 0.27741865625
0 0.56917090625 0.27148755625 0.53696781875 0.2645472828125 0.52419071875 0.2907595890625 0.527360884375 0.3062476453125 0.5603813625 0.30628350625 0.56917090625 0.27148755625
0 0.52439395625 0.2721364296875 0.4827856921875 0.2657439453125 0.4727693234375 0.29963180624999997 0.4803350015625 0.308986590625 0.511208903125 0.31306565000000003 0.52439395625 0.2721364296875
0 0.4817635828125 0.26874210625 0.45610258437500006 0.251625365625 0.4381111015625 0.26834594375 0.4376007859375 0.2811097296875 0.47052038749999997 0.301721878125 0.4817635828125 0.26874210625
0 0.43719135 0.2732972296875 0.43657719687499996 0.2615784796875 0.41613058125 0.25395346875 0.391085215625 0.2710848890625 0.3940506625 0.28266669375000003 0.42492456562500003 0.286745753125 0.43719135 0.2732972296875
0 0.3841322109375 0.2509194453125 0.3777933609375 0.24247275156249998 0.3612319421875 0.24147825625000002 0.3311769109375 0.253024196875 0.33475651093750003 0.27632475 0.3739111234375 0.28090105625 0.3841322109375 0.2509194453125
0 0.34038625312500004 0.383746625 0.3628770890625 0.3853753125 0.3810703265625 0.32750216249999997 0.323003003125 0.3220683078125 0.3056271546875 0.37303704843749996 0.3227003671875 0.3837971671875 0.30051661093750004 0.388027853125 0.291623228125 0.398341265625 0.2945886765625 0.4099230703125 0.33006280781249997 0.4117751125 0.34038625312500004 0.383746625
0 0.2958125421875 0.36577233750000004 0.24939933124999997 0.35770062187499996 0.2349874484375 0.397721753125 0.24480206093749998 0.40498646406249994 0.2827298453125 0.4086546828125 0.2958125421875 0.36577233750000004
0 0.23508980781250002 0.399674878125 0.2482748609375 0.3587456578125 0.19981743125 0.3566702671875 0.1774304375 0.3795241125 0.176817765625 0.3903347734375 0.1853031921875 0.394738271875 0.23508980781250002 0.399674878125
0 0.154531646875 0.3926123359375 0.1719104578125 0.38670241875 0.17374995937499998 0.376799846875 0.15923275625 0.36980902968749996 0.17078155 0.320159221875 0.166486915625 0.3057162046875 0.1356130125 0.3016371453125 0.122936790625 0.30727316718750003 0.1085263921875 0.369823709375 0.1077090015625 0.3767281203125 0.1282579765625 0.38630625625000004 0.154531646875 0.3926123359375
0 0.2081975390625 0.3140618140625 0.17609681093750001 0.30907466562499997 0.16597808281249998 0.3410094015625 0.1687388125 0.3486849546875 0.1971590609375 0.3509478375 0.2081975390625 0.3140618140625
0 0.14553886875 0.446031446875 0.16066578125 0.39715277968749996 0.10208666250000001 0.38195330156249996 0.08307455312499999 0.4242014515625 0.08225716250000001 0.43110586250000005 0.0978988296875 0.43705164375 0.14553886875 0.446031446875
0 0.062116140625 0.4068108171875 0.0225520921875 0.394422009375 0.0229630109375 0.4247639203125 0.05506373906249999 0.4297510703125 0.062116140625 0.4068108171875
0 0.10955442343749999 0.45694319375000003 0.07489768125 0.448186740625 0.062120582812500005 0.47439904843749997 0.06263237656250001 0.484164675 0.0937109984375 0.49214998593750003 0.10955442343749999 0.45694319375000003
0 0.1488128734375 0.4860020359375 0.10679517499999999 0.47179705 0.08982728125 0.5080488796875 0.1023002640625 0.52103601875 0.13797911406250002 0.5267943093749999 0.1488128734375 0.4860020359375
0 0.20401562968750003 0.4592778015625 0.174368553125 0.4561068296875 0.160670225 0.4647410140625 0.152902790625 0.496538803125 0.1555611609375 0.50226123125 0.1981915328125 0.5056555546875 0.20401562968750003 0.4592778015625
0 0.2565600125 0.4268311390625 0.224356925 0.4198908640625 0.21781483906250002 0.43006733124999996 0.23724082656249998 0.46321991406249996 0.252677775 0.46525944375000006 0.2565600125 0.4268311390625
0 0.21709980468749998 0.4389248671875 0.21638329218750002 0.4252529921875 0.1818289125 0.418449665625 0.173652040625 0.4424349546875 0.1765151296875 0.45206363437499997 0.197881496875 0.45473735625 0.21709980468749998 0.4389248671875
0 0.251758028125 0.4702107296875 0.2246669640625 0.47080906093749997 0.21669481093749998 0.4987006015625 0.219353184375 0.504423028125 0.25002236718750004 0.5045958390624999 0.251758028125 0.4702107296875
0 0.2943884 0.4736050546875 0.2669902609375 0.4683440109375 0.2531895703125 0.47502506875000006 0.25349812968749996 0.5034138546875 0.29255037968750003 0.5060370375 0.2943884 0.4736050546875
0 0.315038253125 0.462606903125 0.318410175 0.436942384375 0.3026661484375 0.4290434765625 0.257786840625 0.4277392265625 0.25421020156249996 0.449497496875 0.25748272499999997 0.466938675 0.307064621875 0.46796903125 0.315038253125 0.462606903125
0 0.4008122765625 0.5016905890625 0.343971778125 0.49716482187500005 0.339985703125 0.5111105921875 0.3436676640625 0.5363642703125 0.39682768125 0.5381657671875 0.4008122765625 0.5016905890625
0 0.40091167343749995 0.4585848890625 0.348773765625 0.4537852296875 0.34223167656250003 0.46396169687500005 0.34622071249999997 0.49507475 0.403878603125 0.492696103125 0.40091167343749995 0.4585848890625
0 0.41144131718750004 0.4569920640625 0.42207184062499997 0.434822953125 0.41552827187499997 0.42247000625000003 0.3700348109375 0.4094470078125 0.3501014703125 0.4341170328125 0.3626768125 0.44905729687499996 0.40091167343749995 0.4585848890625 0.41144131718750004 0.4569920640625
0 0.47636076875000005 0.5031676484375 0.4906717734375 0.48372280312499993 0.47932325625 0.46969062812500006 0.4478352 0.45389281875 0.415326515625 0.46362258125 0.41113572343750004 0.47366210000000003 0.41399881250000004 0.48329077812500004 0.46695559375 0.5037154375 0.47636076875000005 0.5031676484375
0 0.4678709 0.4311759171875 0.44517682968749994 0.44817039062499997 0.49138680468749996 0.4748652671875 0.5084585374999999 0.463095975 0.4678709 0.4311759171875
0 0.5329921078125001 0.43619892968749996 0.5019120078125 0.40568420781250003 0.4925068296875 0.40623199843749996 0.44732340625000006 0.44412719375 0.4574450953125 0.4572512796875 0.4960893921875 0.47459137343749996 0.5329921078125001 0.43619892968749996
0 0.5520056984374999 0.416480190625 0.5849223390625 0.3920335171875 0.56273561875 0.3512053796875 0.511314221875 0.36007759687499996 0.5024208406249999 0.3703910125 0.50722726875 0.394599653125 0.5287998328125 0.4237090390625 0.5520056984374999 0.416480190625
0 0.49935451249999996 0.3793854953125 0.4788055390625 0.36980735937500003 0.45999518593750005 0.37090293750000003 0.45559967187500006 0.37703620781249997 0.46194000625 0.40801231250000003 0.5048759734375 0.3947366 0.49935451249999996 0.3793854953125
0 0.4063381796875 0.584629925 0.4031680140625 0.5691418734375 0.38517505 0.563333040625 0.34960152031249997 0.604586696875 0.3620745046875 0.6175738359375 0.37843120625000004 0.6146620796875 0.4063381796875 0.584629925
0 0.4307723515625 0.6008385781250001 0.4053160703125 0.5876280875 0.38579216562499996 0.6201106125 0.391211265625 0.6335085921875 0.40542139062500004 0.634640034375 0.4307723515625 0.6008385781250001
0 0.5401601968749999 0.6179765015625 0.5223704687499999 0.5935445078125 0.5068311609375 0.5895518546875 0.4714608671875 0.6121823484375 0.462364246875 0.6411189234375 0.465124978125 0.6487944765625 0.49395466250000003 0.658869859375 0.5401601968749999 0.6179765015625
0 0.54424270625 0.5158662125 0.5411749 0.5023312859375 0.5160256953125 0.49498017031249997 0.48975498437500004 0.5337329125 0.4967079890625 0.5538983562500001 0.514393875 0.5538478140625 0.54424270625 0.5158662125
0 0.5694898296875001 0.4575822203125 0.5511897890624999 0.44591401093750005 0.5310517296875 0.4666777890625 0.533812459375 0.474353340625 0.552929890625 0.4791171375 0.5694898296875001 0.4575822203125
0 0.651678328125 0.38324770625000004 0.6075155296875 0.39561533125000004 0.6262264859375 0.4376254484375 0.66425515 0.42071738124999997 0.651678328125 0.38324770625000004
0 0.7241590140625 0.371189840625 0.667420875 0.3686172 0.6585274906249999 0.3789306140625 0.6794873828125 0.41885066093749995 0.7230375062500001 0.4172936984375 0.7241590140625 0.371189840625
0 0.6401310171875 0.4554269265625 0.605778390625 0.40747102812499997 0.5650928359375 0.441186078125 0.5740900578125 0.4553552015625 0.607009659375 0.47596735 0.6401310171875 0.4554269265625
0 0.6676329953125 0.48517050624999997 0.6486164421875 0.4598304234375 0.62346871875 0.47500871875 0.6227536859375 0.4838662546875 0.6436097390625 0.499303765625 0.6676329953125 0.48517050624999997
0 0.6312391125000001 0.488269753125 0.624082871875 0.48672746875 0.615189490625 0.4970408828125 0.6547550203125 0.5319591015625 0.67203146875 0.5240960593749999 0.6312391125000001 0.488269753125
0 0.617745503125 0.5008101859375 0.5904512015625001 0.520031678125 0.6327754734375 0.553593434375 0.6566439015625 0.5361937546875 0.617745503125 0.5008101859375
0 0.576037840625 0.5375233984375 0.5800239171875 0.523577628125 0.5668359 0.5194480265625 0.5424046890625001 0.548298196875 0.54168965625 0.5571557328125001 0.5524240203125 0.5594691578125001 0.576037840625 0.5375233984375
0 0.6117166890625 0.5432816890625001 0.593314290625 0.52966035625 0.568576003125 0.5526511515625 0.5925013421875 0.6041529999999999 0.6349255171875 0.5811116625 0.6117166890625 0.5432816890625001
0 0.5577452046875 0.6385022453125 0.5524284609375 0.627057390625 0.5393428046875 0.6248809140625 0.4987596109375 0.6605490890625 0.5134815296874999 0.67144615625 0.525238 0.67076141875 0.5577452046875 0.6385022453125
0 0.589237703125 0.7218882890625 0.633501375 0.6889443796875 0.616018728125 0.6703717609375001 0.6340102109375 0.6536511828125 0.6059979156249999 0.6366713890625 0.5838156390625 0.6634314859375 0.52687574375 0.70201141875 0.5419047390625 0.7187678609375 0.5673595390624999 0.709448940625 0.589237703125 0.7218882890625
0 0.7134424187499999 0.63922935 0.6803181015625 0.61471095 0.6271595640625 0.6354388625 0.626342171875 0.642343275 0.6620225046875 0.6706309765625 0.7134424187499999 0.63922935
0 0.6682604765625 0.6996539562499999 0.6183744625 0.737823046875 0.6405597000000001 0.756121771875 0.6914678234375 0.7149545203125001 0.6682604765625 0.6996539562499999
0 0.7718212640625 0.7181108109375 0.729902959375 0.6608001296875 0.6844124593750001 0.69283595 0.7393140578125 0.750369984375 0.7703911999999999 0.735825884375 0.7718212640625 0.7181108109375
0 0.7453487953125 0.7980161265625 0.7260251671875 0.76681666875 0.6685734765625 0.7956309765625 0.6890215734375 0.8257853984375 0.7145787328125001 0.818419603125 0.7453487953125 0.7980161265625
0 0.752712715625 0.84852348125 0.7195883984375 0.8240050828125 0.6921917390625001 0.8412734499999999 0.67675626875 0.8617633328125001 0.67869960625 0.8763432953124999 0.7018045953125001 0.889690734375 0.752712715625 0.84852348125
0 0.6616219515624999 0.79799494375 0.6274784859375 0.821533528125 0.6431216359375 0.8500087187500001 0.6856481703124999 0.82892050625 0.6616219515624999 0.79799494375
0 0.8587167906250001 0.7110906375 0.8017694921875 0.6370235140625 0.755460121875 0.6534343328125 0.7573011000000001 0.6660611734375 0.8091363749999999 0.732589690625 0.8587167906250001 0.7110906375
0 0.7636340265625 0.5843902234375 0.7177340921875001 0.6086135453125 0.7330701625 0.631229359375 0.7801969265625 0.607914128125 0.7636340265625 0.5843902234375
0 0.75995355 0.58166595625 0.7305082296875 0.5373424124999999 0.702599775 0.5448451546874999 0.6868572281249999 0.5594756609375 0.69421966875 0.58745360625 0.7152804390624999 0.6067973656250001 0.75995355 0.58166595625
0 0.785526996875 0.822123684375 0.8326537609375 0.7988084515625 0.8006524296875 0.7507156046875 0.7647688609375 0.7410510640625 0.7490263125000001 0.7556815703125 0.7544468953125001 0.7916089625 0.75924466875 0.7975784078125 0.785526996875 0.822123684375
0 0.8471739218750001 0.850858090625 0.8207964109375 0.820069475 0.7725451796875 0.8444297421875 0.8028078875 0.881848875 0.8122130656250001 0.8813010859375 0.8471739218750001 0.850858090625
0 0.8895847703124999 0.625052053125 0.8554368625000001 0.5810024031250001 0.8093322093750001 0.601319475 0.8242603265625 0.6386522015625 0.8377554203124999 0.648641178125 0.8895847703124999 0.625052053125
0 0.8979826484375 0.8527965359375 0.8789675750000001 0.849985865625 0.8131342968749999 0.8988792109375 0.8381826234374999 0.9268066125000001 0.9145455468750001 0.876320440625 0.8979826484375 0.8527965359375
0 1 0.85885345625 0.96903326875 0.8584537421875 0.9477722234374999 0.9027919656250001 0.9502273578124999 0.9271375531249999 0.9589175031250001 0.9354473000000001 1 0.9304126140625 1 0.85885345625
0 0.8624996296875 0.7157680281250001 0.8141460390624999 0.738175171875 0.8424668921875 0.7835437515625 0.8897983734375 0.76413476875 0.8624996296875 0.7157680281250001
0 0.4432675453125 0.9517668828125 0.5018407421875 0.8768487171875 0.45532073124999994 0.79923564375 0.44427929062500005 0.79106284375 0.4254689375 0.792158421875 0.3412377015625 0.8950186703125 0.34052266875 0.90387620625 0.368637321875 0.922809125 0.4432675453125 0.9517668828125
0 0.34409338749999996 0.7920002921875 0.2849001140625 0.7650820625 0.23828662656250002 0.8206923312500001 0.2678328234375 0.8444395890624999 0.299013803125 0.8543780234374999 0.34409338749999996 0.7920002921875
0 0.1665268953125 0.91401030625 0.070426465625 0.8578962859375 0.0484489046875 0.8885626343749999 0.053056540625 0.9989826703125001 0.11071442812500001 0.9966040250000001 0.1665268953125 0.91401030625
0 0.7664719453125 0.21101891093749997 0.6985900078125 0.198320346875 0.6884712796875 0.23025508281249998 0.6918461625 0.249649384375 0.75134503125 0.25989757812500003 0.7664719453125 0.21101891093749997
0 0.823318365625 0.3056623203125 0.816774796875 0.2933093765625 0.7811983062500001 0.2895042109375 0.782017178125 0.3051292109375 0.8106421453125 0.31129834375 0.823318365625 0.3056623203125