0 0.833984375 0.346032709375 0.841796875 0.3281193890625 0.841796875 0.3171257390625 0.8330078125 0.2965100921875 0.8310546875 0.3000722859375 0.8193359375 0.2921290296875 0.8154296875 0.2992534140625 0.80859375 0.3007274328125 0.8046875 0.3115163671875 0.806640625 0.32627692812500003 0.802734375 0.3370658640625 0.82421875 0.36750821875 0.8271484375 0.3694940328125 0.83203125 0.36058855156249997 0.833984375 0.346032709375
0 0.869140625 0.4138370828125 0.861328125 0.40243399531249996 0.86328125 0.39154270156250004 0.8525390625 0.3781538015625 0.84375 0.4125064171875 0.84375 0.4271646203125 0.857421875 0.4388747859375 0.8623046875 0.4409629578125 0.865234375 0.43561967187499995 0.869140625 0.4138370828125
0 0.783203125 0.5156052625 0.7763671875 0.502421078125 0.7666015625 0.5092383859375 0.76171875 0.518143865625 0.771484375 0.544307515625 0.7802734375 0.5392713046875001 0.78515625 0.5303658234374999 0.783203125 0.5156052625
0 0.693359375 0.6867951890625 0.6806640625 0.6696393765625 0.6728515625 0.669229940625 0.66796875 0.6854645234375 0.666015625 0.718343121875 0.6611328125 0.7199194999999999 0.6474609375 0.7118738859375 0.642578125 0.731773015625 0.642578125 0.7500957703125 0.6611328125 0.75656500625 0.6796875 0.7703633437499999 0.6826171875 0.772349159375 0.685546875 0.7670058703125 0.693359375 0.6867951890625
0 0.6435546875 0.9645231703125001 0.6728515625 0.9477358015625 0.673828125 0.9239674015625001 0.6689453125 0.9145501265625 0.6650390625 0.9143454078125 0.6259765625 0.9379500843749999 0.6201171875 0.9376430062500001 0.6171875 0.9429862953124999 0.619140625 0.9687405109375 0.6259765625 0.9709310421874999 0.6357421875 0.9641137343749999 0.6435546875 0.9645231703125001
0 0.638671875 0.9001376343749999 0.6357421875 0.8944872703125 0.6298828125 0.8941801937499999 0.6240234375 0.9012022171874999 0.6083984375 0.907712446875 0.603515625 0.9166179281250001 0.60546875 0.9387075906250001 0.6123046875 0.9408981234375 0.6396484375 0.9240083953125 0.638671875 0.9001376343749999
0 0.6242312734375 1 0.6435546875 0.986510475 0.646484375 0.9811671890625 0.64453125 0.9700711765625 0.6396484375 0.964318453125 0.6201171875 0.9706239640625001 0.6142578125 0.951994134375 0.6064453125 0.9552492484374999 0.60546875 0.997340403125 0.6040105109375 1 0.6242312734375 1
0 0.623046875 0.6684520625 0.6201171875 0.6591371484375 0.60546875 0.66020173125 0.60546875 0.704176340625 0.623046875 0.705097571875 0.62109375 0.67934335625 0.623046875 0.6684520625
0 0.11752650312499999 1 0.126953125 0.9795915640624999 0.1240234375 0.966612096875 0.1083984375 0.9474704734375001 0.099609375 0.9671648859375 0.099609375 0.989152190625 0.10704144062500001 1 0.11752650312499999 1
0 0.19140625 0.3893121828125 0.185546875 0.381676003125 0.1845703125 0.3724634484375 0.1728515625 0.3718492953125 0.1650390625 0.3860980609375 0.158203125 0.39123663125 0.15625 0.4534316359375 0.1826171875 0.45664575625000003 0.19140625 0.4479449953125 0.19140625 0.3893121828125
0 0.1103515625 0.408883865625 0.0927734375 0.40796263593750004 0.08984375 0.41330592343749994 0.0859375 0.4387530609375 0.087890625 0.457178175 0.111328125 0.45474193124999995 0.11328125 0.41453423125000005 0.1103515625 0.408883865625
0 0.15234375 0.28832213125 0.1416015625 0.27859778125 0.1318359375 0.2780859859375 0.1279296875 0.2852103703125 0.1201171875 0.281136384375 0.11328125 0.30093315625 0.11328125 0.311926809375 0.1220703125 0.3142197 0.1298828125 0.3256227875 0.140625 0.3316825875 0.146484375 0.3319896640625 0.15234375 0.302980334375 0.15234375 0.28832213125
0 0.08984375 0.3180276015625 0.0830078125 0.3121725203125 0.0712890625 0.3115583671875 0.06640625 0.3167992953125 0.0625 0.3678982890625 0.080078125 0.37248407031249997 0.0859375 0.365462046875 0.08984375 0.34367945781250003 0.08984375 0.3180276015625
0 0.037109375 0.2822829546875 0.0341796875 0.276632590625 0.0205078125 0.27591607812499996 0.0185546875 0.2721491671875 0.013671875 0.28105464687500004 0.005859375 0.32461982031250003 0.0283203125 0.327629225 0.03125 0.3222859375 0.037109375 0.2822829546875
0 0.0576171875 0.26320269375 0.0498046875 0.26279325781249996 0.046875 0.26813654531250003 0.044921875 0.28269239062499996 0.048828125 0.2865616578125 0.05859375 0.287073453125 0.060546875 0.2688530578125 0.0576171875 0.26320269375
0 0.05078125 0.30498677343749997 0.0478515625 0.2993364078125 0.0400390625 0.302591521875 0.03125 0.3186213859375 0.03125 0.3259504875 0.025390625 0.3329725125 0.0263671875 0.3421850671875 0.0390625 0.3483472265625 0.0458984375 0.350537759375 0.05078125 0.3416322796875 0.05078125 0.30498677343749997
0 0.07421875 0.441803459375 0.0693359375 0.42139253125 0.060546875 0.42276419218749994 0.05859375 0.45564279062499996 0.0654296875 0.45783332187500003 0.072265625 0.44903020156249995 0.07421875 0.441803459375