0 0.19140625 0.2583508296875 0.1845703125 0.2565185546875 0.1806640625 0.249189453125 0.1689453125 0.2565185546875 0.1669921875 0.252854003125 0.158203125 0.273009034375 0.158203125 0.284002684375 0.166015625 0.302325440625 0.16796875 0.31698364218749997 0.1728515625 0.3261450203125 0.17578125 0.32431274375 0.197265625 0.2949963375 0.193359375 0.284002684375 0.1953125 0.2693444828125 0.19140625 0.2583508296875
0 0.13671875 0.3463000484375 0.138671875 0.3572937015625 0.130859375 0.368287353125 0.134765625 0.390274659375 0.1376953125 0.395771484375 0.142578125 0.393939209375 0.15625 0.38294555625000004 0.15625 0.368287353125 0.1474609375 0.33347412187500003 0.13671875 0.3463000484375
0 0.216796875 0.4745593265625 0.21484375 0.489217528125 0.2197265625 0.49837890625 0.228515625 0.5038757328125001 0.23828125 0.478223878125 0.2333984375 0.4690625 0.2236328125 0.46173339843749994 0.216796875 0.4745593265625
0 0.3525390625 0.6779418953125 0.3388671875 0.685270996875 0.333984375 0.683438721875 0.33203125 0.6504577640625 0.3271484375 0.6339672843749999 0.3193359375 0.6339672843749999 0.306640625 0.6504577640625 0.314453125 0.73107788125 0.3173828125 0.7365747078125 0.3203125 0.73474243125 0.3388671875 0.721916503125 0.357421875 0.7164196781250001 0.357421875 0.6980969234375001 0.3525390625 0.6779418953125
0 0.3349609375 0.8794921875 0.3310546875 0.8794921875 0.326171875 0.8886535656250001 0.3271484375 0.9124731453124999 0.3564453125 0.9307958984375 0.3642578125 0.9307958984375 0.3740234375 0.938125 0.380859375 0.936292725 0.3828125 0.91064086875 0.3798828125 0.9051440421875 0.3740234375 0.9051440421875 0.3349609375 0.8794921875
0 0.3701171875 0.861169434375 0.3642578125 0.861169434375 0.361328125 0.8666662593750001 0.3603515625 0.890485840625 0.3876953125 0.9088085937500001 0.39453125 0.90697631875 0.396484375 0.8849890140625 0.3916015625 0.8758276359374999 0.3759765625 0.868498534375 0.3701171875 0.861169434375
0 0.3857421875 0.919802246875 0.3798828125 0.938125 0.3603515625 0.9307958984375 0.35546875 0.936292725 0.353515625 0.947286378125 0.3564453125 0.952783203125 0.3759765625 0.9674414062500001 0.3818359375 0.978435059375 0.3916015625 0.985764159375 0.396484375 0.983931884375 0.3984375 0.9729382328125 0.39453125 0.9656091312499999 0.3935546875 0.9234667968749999 0.3857421875 0.919802246875
0 0.37890625 0.6467932125 0.376953125 0.67244506875 0.39453125 0.67244506875 0.39453125 0.628470459375 0.3798828125 0.626638184375 0.376953125 0.635799559375 0.37890625 0.6467932125
0 0.8759765625 0.9601123046875 0.873046875 0.9729382328125 0.8837890625 0.9967578125 0.892578125 0.9949255375 0.900390625 0.983931884375 0.900390625 0.9619445796875 0.8916015625 0.9417895515625 0.8759765625 0.9601123046875
0 0.8154296875 0.362790528125 0.814453125 0.371951903125 0.80859375 0.37928100625 0.80859375 0.43791381874999996 0.8173828125 0.4470751953125 0.84375 0.4452429203125 0.841796875 0.38294555625000004 0.8349609375 0.3774487296875 0.8271484375 0.362790528125 0.8154296875 0.362790528125
0 0.8896484375 0.4031005859375 0.88671875 0.4085974125 0.888671875 0.448907471875 0.912109375 0.452572021875 0.9140625 0.4342492671875 0.91015625 0.4085974125 0.9072265625 0.4031005859375 0.8896484375 0.4031005859375
0 0.88671875 0.2949963375 0.8798828125 0.274841309375 0.8720703125 0.278505859375 0.8681640625 0.2711767578125 0.8583984375 0.2711767578125 0.84765625 0.280338134375 0.84765625 0.2949963375 0.853515625 0.32431274375 0.859375 0.32431274375 0.8701171875 0.3188159171875 0.8779296875 0.307822265625 0.88671875 0.305989990625 0.88671875 0.2949963375
0 0.9169921875 0.307822265625 0.91015625 0.31331909062499996 0.91015625 0.338970946875 0.9140625 0.360958253125 0.919921875 0.368287353125 0.9375 0.364622803125 0.93359375 0.31331909062499996 0.9287109375 0.307822265625 0.9169921875 0.307822265625
0 0.9658203125 0.274841309375 0.962890625 0.280338134375 0.96875 0.32064819375 0.9716796875 0.3261450203125 0.994140625 0.32431274375 0.986328125 0.280338134375 0.9814453125 0.2711767578125 0.9794921875 0.274841309375 0.9658203125 0.274841309375
0 0.9423828125 0.2601831046875 0.939453125 0.26567993125 0.94140625 0.284002684375 0.951171875 0.284002684375 0.955078125 0.280338134375 0.953125 0.26567993125 0.9501953125 0.2601831046875 0.9423828125 0.2601831046875
0 0.96875 0.31698364218749997 0.9599609375 0.30049316406250004 0.9521484375 0.2968286140625 0.94921875 0.302325440625 0.94921875 0.338970946875 0.9541015625 0.3481323234375 0.9609375 0.3463000484375 0.9736328125 0.340803221875 0.974609375 0.331641846875 0.96875 0.32431274375 0.96875 0.31698364218749997
0 0.927734375 0.4452429203125 0.9345703125 0.45440429687500006 0.94140625 0.452572021875 0.939453125 0.419591065625 0.9306640625 0.4177587890625 0.92578125 0.43791381874999996 0.927734375 0.4452429203125