0 0.2685546875 0.25 0.263671875 0.3056640625 0.28125 0.3115234375 0.4580078125 0.291015625 0.4609375 0.2470703125 0.4384765625 0.23046875 0.2685546875 0.25
0 0.501953125 0.2724609375 0.5947265625 0.259765625 0.591796875 0.2138671875 0.4912109375 0.22265625 0.501953125 0.2724609375
0 0.28125 0.4443359375 0.29296875 0.4697265625 0.4814453125 0.43359375 0.478515625 0.3876953125 0.2919921875 0.404296875 0.28125 0.4443359375
0 0.5234375 0.4248046875 0.6201171875 0.4140625 0.61328125 0.3642578125 0.5146484375 0.373046875 0.5234375 0.4248046875
0 0.66796875 0.4052734375 0.7607421875 0.39453125 0.759765625 0.3466796875 0.6572265625 0.3515625 0.66796875 0.4052734375
0 0.31640625 0.6181640625 0.34375 0.6201171875 0.5029296875 0.6015625 0.501953125 0.5537109375 0.3134765625 0.5703125 0.31640625 0.6181640625
0 0.5390625 0.5849609375 0.55078125 0.5888671875 0.6416015625 0.57421875 0.640625 0.5302734375 0.5380859375 0.537109375 0.5390625 0.5849609375
0 0.689453125 0.5849609375 0.6953125 0.6611328125 0.70703125 0.6669921875 0.794921875 0.6533203125 0.80078125 0.5986328125 0.7861328125 0.5703125 0.689453125 0.5849609375
0 0.708984375 0.5771484375 0.69921875 0.4580078125 0.6748046875 0.453125 0.68359375 0.5751953125 0.708984375 0.5771484375
0 0.765625 0.5693359375 0.7890625 0.5654296875 0.7666015625 0.439453125 0.7421875 0.4462890625 0.765625 0.5693359375
0 0.8828125 0.3759765625 0.896484375 0.3779296875 0.9970703125 0.365234375 1 0.3037109375 0.8779296875 0.318359375 0.8828125 0.3759765625
0 0.859375 0.2255859375 0.876953125 0.2255859375 0.9794921875 0.21484375 0.9765625 0.1337890625 0.8466796875 0.14453125 0.859375 0.2255859375
0 0.6259765625 0.15234375 0.693359375 0.1513671875 0.7265625 0.1240234375 0.7138671875 0.08203125 0.6171875 0.0986328125 0.6259765625 0.15234375
0 0 0.3466796875 0.01953125 0.3466796875 0.1611328125 0.328125 0.16015625 0.2822265625 0.0068359375 0.30078125 0 0.3466796875
0 0.087890625 0.4951171875 0.099609375 0.4970703125 0.1845703125 0.486328125 0.18359375 0.4365234375 0.0830078125 0.4453125 0.087890625 0.4951171875
0 0.021484375 0.6767578125 0.2080078125 0.654296875 0.2109375 0.6044921875 0.0107421875 0.62109375 0.021484375 0.6767578125
0 0.34375 0.9853515625 0.3505859375 1 0.431640625 0.9990234375 0.5478515625 0.9609375 0.5390625 0.9130859375 0.5263671875 0.90625 0.34375 0.9853515625
0 0.576171875 0.9287109375 0.603515625 0.9736328125 0.7431640625 0.916015625 0.734375 0.8642578125 0.5849609375 0.91015625 0.576171875 0.9287109375
0 0.75 0.8818359375 0.8544921875 0.84375 0.845703125 0.8076171875 0.7294921875 0.84375 0.75 0.8818359375
0 0.7001953125 0.759765625 0.716796875 0.8056640625 0.8251953125 0.765625 0.822265625 0.7294921875 0.8115234375 0.720703125 0.7001953125 0.759765625
0 0.6904296875 0.73046875 0.685546875 0.7529296875 0.69921875 0.7607421875 0.8037109375 0.71875 0.80859375 0.7021484375 0.7939453125 0.69140625 0.6904296875 0.73046875
0 0.8642578125 0.705078125 0.861328125 0.7353515625 0.8828125 0.7529296875 0.9755859375 0.716796875 0.986328125 0.7021484375 0.9765625 0.6689453125 0.8642578125 0.705078125
0 0.919921875 0.8505859375 1 0.8193359375 0.9990234375 0.755859375 0.89453125 0.7998046875 0.919921875 0.8505859375
0 0.9248046875 0.86328125 0.9375 0.9033203125 0.9970703125 0.8828125 1 0.8486328125 0.9794921875 0.841796875 0.9248046875 0.86328125
0 0.8515625 0.9384765625 0.890625 0.9208984375 0.8759765625 0.87890625 0.828125 0.8974609375 0.8515625 0.9384765625
0 0.9052734375 0.947265625 0.76171875 0.9990234375 0.919921875 0.9990234375 0.9052734375 0.947265625
0 0.966796875 0.9794921875 1 0.9697265625 0.9990234375 0.90625 0.94140625 0.9326171875 0.966796875 0.9794921875