0 0 0.2485037203125 0.11328124843750001 0.3238792578125 0.1464843734375 0.27912503437499997 0.1914062484375 0.15428429999999999 0.1318359359375 0.108352334375 0.10058593593750001 0.14368461875 0.111328125 0.0977526484375 0.0439453125 0.049465196875 0 0.13072944687500002 0 0.2485037203125
0 0.59375 0.253214690625 0.5966796875 0.146040103125 0.439453125 0.1448623609375 0.4443359359375 0.2520369484375 0.59375 0.253214690625
0 0.7695312484375 0.2131714375 0.7705078109375 0.10599685 0.6132812484375 0.10481910781249999 0.6181640640625 0.20963821093749999 0.7695312484375 0.2131714375
0 0.845703125 0.290902459375 0.9023437515625 0.3050353734375 0.939453125 0.27912503437499997 0.9335937515625 0.1283739609375 0.8486328109375 0.12484073437500001 0.845703125 0.290902459375
0 1 0.3144573171875 0.9599609359375 0.3109240859375 0.9589843734375 0.4958297 1 0.50525164375 1 0.3144573171875
0 0.6083984375 0.35096734375 0.5429687515625 0.3521450859375 0.5361328109375 0.5205623 0.689453125 0.5217400421875 0.703125 0.484052275 0.6962890640625 0.3886551109375 0.6396484375 0.3839441375 0.6083984375 0.35096734375
0 0.3916015625 0.29914666093750003 0.361328125 0.3238792578125 0.3535156265625 0.3945438234375 0.3779296875 0.4640306484375 0.5234375015625 0.46991936093750003 0.5390624984375 0.3521450859375 0.5224609359375 0.32505700000000004 0.4404296875 0.2967911765625 0.3916015625 0.29914666093750003
0 0.171875 0.5688497515625001 0.2128906265625 0.5806271796875 0.263671875 0.5617832968750001 0.2568359359375 0.391010596875 0.1757812484375 0.3921883390625 0.171875 0.5688497515625001
0 0.2109375015625 0.5924046046875 0.2109375015625 0.7619995625 0.2558593734375 0.77142150625 0.2978515625 0.7631773046875 0.3085937515625 0.72431179375 0.2998046875 0.5747384640625001 0.2109375015625 0.5924046046875
0 0.6777343734375 0.7572885921875 0.6884765625 0.647758515625 0.53125 0.6442252875000001 0.5341796875 0.7513998796875 0.6777343734375 0.7572885921875
0 0.6767578109375 0.6218481765625 0.5439453125 0.6242036609375 0.529296875 0.6395143171875 0.5341796875 0.7513998796875 0.6826171890625 0.7537553640625 0.6884765625 0.8079315328125001 0.8398437515625 0.811464759375 0.8515624984375 0.6984014546874999 0.8369140640625 0.6689578890625001 0.6943359359375 0.6807353140625 0.6767578109375 0.6218481765625
0 0.5224609359375 0.9280612921875001 0.3652343734375 0.9315945187500001 0.3662109359375 0.9987258578124999 0.607421875 0.997548115625 0.6679687515625 0.9951926312499999 0.6591796875 0.979881975 0.5283203125 0.9775264890625 0.5224609359375 0.9280612921875001