0 1 0.6775013359375001 0.8056666859374999 0.6868862671875 0.7997380171875 0.694253475 0.8296210390625 0.8416428781249999 0.7705380171875 0.8438821546874999 0.796854534375 1 1 1 1 0.6775013359375001
0 0.6999693515625001 0.11206293593750001 0.72257745 0.17682254375 0.7907273640625 0.1772937390625 0.7970775640625 0.160168453125 0.7807958890625 0.10652840156250001 0.6999693515625001 0.11206293593750001
0 0.3545335625 0.3694679984375 0.22359690781250002 0.2695200203125 0.14538838437499998 0.2528200421875 0.068190671875 0.2897555234375 0.014364865625 0.3525390640625 0.016115707812499998 0.3955078109375 0.121722884375 0.47922241562499995 0.23478618906249998 0.48646784062500004 0.274932809375 0.46274221875 0.3545335625 0.3694679984375
0 0.266122790625 0.21770050312499997 0.3015584359375 0.193672984375 0.3102879 0.148453803125 0.2779953328125 0.105475878125 0.21595686875000003 0.0820200203125 0.0115867140625 0.0825595609375 0.007998167187499999 0.1962890640625 0.266122790625 0.21770050312499997
0 0.3476675171875 0.806359625 0.40002150312499996 0.8515971609375 0.451762603125 0.8529648562500001 0.4665001578125 0.8110527296875001 0.44666099375 0.6412772109375 0.42069484843750005 0.6094188375 0.300008003125 0.5880486968749999 0.2926552359375 0.6382261640625 0.2538532953125 0.608467271875 0.218441428125 0.60424995 0.194464878125 0.6212197015625 0.201563359375 0.68011534375 0.21966721250000001 0.69198963125 0.23348179062500002 0.6850828078125 0.37220115468750004 0.80306175 0.3476675171875 0.806359625
0 0.574452640625 0.23161510000000002 0.583588271875 0.2828491921875 0.6057664296875 0.2794003671875 0.6039918078125 0.2646764578125 0.594514059375 0.23387471093749998 0.574452640625 0.23161510000000002
0 0.5546775296875001 0.1787251921875 0.5695029203125 0.22545383437500002 0.590543121875 0.22290610156250001 0.5968137390625 0.20382769218750002 0.576935265625 0.1772294953125 0.5546775296875001 0.1787251921875
0 0.602638884375 0.2314733328125 0.60804233125 0.2775981890625 0.632894303125 0.2821128171875 0.6322576328125 0.2664878140625 0.62521495625 0.2377901375 0.602638884375 0.2314733328125
0 0.6958557390625 0.270563365625 0.686059659375 0.23194911718750003 0.668353725 0.22984045625 0.6714016875000001 0.2758143671875 0.6958557390625 0.270563365625
0 0.67179135625 0.19889235 0.61290421875 0.195118690625 0.6009438484375 0.21870255 0.6541412281250001 0.22698165312500002 0.67179135625 0.19889235
0 0.7538674609375 0.2528526515625 0.7459255796875001 0.23091543906249998 0.7259437453124999 0.2306089546875 0.740769134375 0.27733759999999996 0.7538674609375 0.2528526515625
0 0.26972880312499997 0.56565405625 0.2927823765625 0.5836896078125 0.3542637546875 0.5934735921875001 0.3530699984375 0.5641767171875001 0.284522165625 0.55393989375 0.26972880312499997 0.56565405625