0 0.3183593734375 0.1169028515625 0.3652343734375 0.2916418515625 0.3847656265625 0.3039474125 0.4384765625 0.27318350625 0.4492187515625 0.24488070781250001 0.4052734375 0.07383338125 0.3183593734375 0.1169028515625
0 0.0273437515625 0.4343863859375 0.10351562656249999 0.439308609375 0.125 0.41715859687499995 0.12109375156249999 0.2276529234375 0.0263671890625 0.2264223671875 0.0273437515625 0.4343863859375
0 0 0.717414340625 0.07031249843750001 0.717414340625 0.06640624843750001 0.4934530890625 0.038085935937499996 0.44546139531250006 0.008789064062500001 0.44546139531250006 0 0.717414340625
0 0.2822265625 0.7752504890624999 0.1943359359375 0.7752504890624999 0.1474609359375 0.8072449546874999 0.10058593593750001 0.7826338296875 0.0009765625 0.792478278125 0 0.990597846875 0.0253906265625 0.9979811890624999 0.3076171890625 0.9869061796875 0.3320312484375 0.95368115625 0.330078125 0.7986310624999999 0.2822265625 0.7752504890624999
0 0.4257812484375 0.8453922015625001 0.4628906265625 0.8552366499999999 0.4941406265625 0.8207810765625 0.4921875015625 0.7986310624999999 0.4365234375 0.7826338296875 0.4257812484375 0.8453922015625001
0 0.5273437515625 0.8724644390625 0.5078124984375 0.9462978203124999 0.5625 0.9586033859375 0.5859375015625 0.8183199640625001 0.5087890640625 0.794939390625 0.5039062484375 0.8232421890625 0.5273437515625 0.8724644390625
0 0.5712890640625 0.9598339421875 0.71875 0.9881367359375 0.748046875 0.9413755968749999 0.7353515625 0.8810783359375 0.5859375015625 0.8552366499999999 0.5712890640625 0.9598339421875
0 0.5791015625 0.3716280140625 0.5751953125 0.3913169140625 0.5556640640625 0.3913169140625 0.5058593734375 0.44669195000000006 0.5371093734375 0.564825359375 0.5566406265625 0.584514259375 0.685546875 0.52544755625 0.669921875 0.3950085828125 0.6396484375 0.3519391125 0.5791015625 0.3716280140625
0 0.4023437515625 0.55005868125 0.4785156265625 0.5057586546875 0.4326171890625 0.3248668703125 0.3476562484375 0.3703974578125 0.4023437515625 0.55005868125
0 0.6806640640625 0.0812167171875 0.5878906265625 0.134130640625 0.6308593734375 0.3039474125 0.6396484375 0.3224057578125 0.658203125 0.3211752015625 0.6845703125 0.29779463281249996 0.7119140640625 0.30025574375 0.7265624984375 0.2621084984375 0.6806640640625 0.0812167171875
0 0.8554687515625 0.3211752015625 0.8789062484375 0.338402990625 0.953125 0.286719628125 0.9013671890625 0.110750071875 0.8125 0.15628065468750002 0.8554687515625 0.3211752015625
0 0.7460937515625 0.48853086562500003 0.779296875 0.5943587078125 0.9160156265625 0.5328308921875 0.9013671890625 0.40854470468750004 0.7724609359375 0.462689184375 0.7460937515625 0.48853086562500003