0 0.20945740625 0.797408896875 0.20341614218749998 0.7380797125 0.034258540625 0.75993779375 0.0368476796875 0.999336540625 0.10156249843750001 0.997548115625 0.3867187515625 0.9904816609375 0.3630800890625 0.7797141890625 0.35531267187500004 0.773469021875 0.20945740625 0.797408896875
0 0.873046875 0.7855544203125 0.890625 0.792620875 0.9433593734375 0.7784879609375001 0.9326171890625 0.6972237125 0.8691406265625 0.7172453390625 0.873046875 0.7855544203125
0 0.6044921890625 0 0.5273437515625 0.10246361875000001 0.5273437515625 0.2155269234375 0.5537109359375 0.25674792343749997 0.6523437515625 0.34036765625 0.7441406265625 0.2131714375 0.7558593734375 0.135440415625 0.7138671890625 0.056531653125000005 0.6474609359375 0 0.6044921890625 0
0 0.8037109359375 0 0.798828125 0.257925665625 0.8251953125 0.29443569062499997 0.8710937515625 0.3050353734375 0.9121093734375 0.2744140640625 0.9316406265625 0.2131714375 0.9179687515625 0.008244196875 0.8037109359375 0
0 0.3789062484375 0.26734760468749996 0.40625 0.2296598375 0.408203125 0.194327553125 0.3896484375 0.1695949578125 0.3310546875 0.1743059265625 0.3203124984375 0.19197206875 0.328125 0.20610498281249998 0.21875 0.34036765625 0.2138671890625 0.315635059375 0.171875 0.3662779953125 0.173828125 0.41809867812499996 0.216796875 0.43458707656250006 0.3857421890625 0.42163190625 0.4160156265625 0.396899309375 0.4296875015625 0.27676955 0.3789062484375 0.26734760468749996
0 0.7587890640625 0.5959378375 0.7734375015625 0.5947600937499999 0.8037109359375 0.5865158921875 0.8046875015625 0.566494265625 0.7539062484375 0.5735607203125 0.7587890640625 0.5959378375
0 0.814453125 0.582982665625 0.8339843734375 0.5900491203125 0.859375 0.5712052359374999 0.8564453125 0.548828125 0.810546875 0.5617832968750001 0.814453125 0.582982665625
0 0.7578124984375 0.62302591875 0.7734375015625 0.62302591875 0.8017578109375 0.61713720625 0.8066406265625 0.5947600937499999 0.7607421890625 0.5982933218750001 0.7578124984375 0.62302591875
0 0.7734375015625 0.686624025 0.8115234375 0.678379828125 0.8125 0.6607136859375 0.7666015625 0.6618914296875 0.7734375015625 0.686624025
0 0.84375 0.66542465625 0.84375 0.60653751875 0.8193359359375 0.5935823515624999 0.814453125 0.646580771875 0.84375 0.66542465625
0 0.794921875 0.7455111671875 0.8164062484375 0.7384447078124999 0.8154296875 0.71842308125 0.7695312484375 0.731378253125 0.794921875 0.7455111671875
0 0.4277343734375 0.3309457171875 0.4570312484375 0.3309457171875 0.4628906265625 0.2626366359375 0.4501953125 0.24732597812499998 0.4335937515625 0.26970309062500003 0.4277343734375 0.3309457171875