0 0.8058139859375 0.8966984968749999 0.839534659375 0.86154801875 0.82558059375 0.90741749375 0.88958681875 0.9560969671875 0.93921468125 0.8750883828125 0.9474502609375 0.757314109375 0.8394397828125 0.6812795203124999 0.8031071390625 0.725840575 0.7494555484375 0.8504199609375 0.8058139859375 0.8966984968749999
0 0.5007498265625 0.8583988046875 0.5033613921875 0.7511958109375 0.35402968437500004 0.749148803125 0.34360561875 0.8563063453125 0.5007498265625 0.8583988046875
0 0.32412160624999997 0.89743075625 0.32656845625 0.7925832453125 0.17544833906249999 0.788169390625 0.16697739843749998 0.8953382968750001 0.32412160624999997 0.89743075625
0 0.0490595875 0.6955327734375001 0.0101383875 0.7212272171875 0.00545621875 0.8720123796875001 0.0901700921875 0.87603989375 0.10471194531250001 0.7099952140625 0.0490595875 0.6955327734375001
0 0.317272740625 0.6181523265625 0.34621677812499996 0.651310928125 0.41172882031249997 0.65051384375 0.4303416390625 0.4821364 0.27710368124999996 0.48006666718749996 0.2607964203125 0.51767489375 0.2609615375 0.613111828125 0.317272740625 0.6181523265625
0 0.4303424515625 0.677721240625 0.5103971609375 0.7064643078125 0.5593899984374999 0.7043928968750001 0.5913929062500001 0.6798364265625 0.604146753125 0.6092173125 0.5845916843750001 0.53958845 0.43949565 0.5328531984375 0.41563507343749995 0.6505365703125 0.4303424515625 0.677721240625
0 0.75778396875 0.42395208906250004 0.705685028125 0.442500534375 0.7005793765624999 0.6133130046875 0.7817164203125 0.6126068250000001 0.7979760375 0.4359681390625 0.75778396875 0.42395208906250004
0 0.7605606515625001 0.41218602656250003 0.7724198859375 0.24259106875 0.7281568609375 0.2329077765625 0.68558818125 0.24090767500000002 0.6721282515625 0.279710690625 0.6704581296875001 0.429335153125 0.7605606515625001 0.41218602656250003
0 0.4438718078125 0.3585018203125 0.44843649843750005 0.25131018437499997 0.3052935921875 0.24458629375 0.28689231406250004 0.354053875 0.4438718078125 0.3585018203125
0 0.1469725796875 0.189467003125 0.12734767656249998 0.30246212968749997 0.13993721718750002 0.3319909171875 0.283338903125 0.3210429875 0.29679923750000003 0.3800323921875 0.42977644687499994 0.3784495875 0.44549551093749995 0.363224153125 0.44843649843750005 0.25131018437499997 0.3001637078125 0.248091115625 0.2980927015625 0.1938808578125 0.1469725796875 0.189467003125
0 0.4701081859375 0.025217662499999998 0.47250862031249996 0.0747169484375 0.6299822500000001 0.07209843906249999 0.6336999671875 0.00496141875 0.392406671875 0.0047358375 0.331695084375 0.0067390703125000005 0.33941352343750003 0.022100859375 0.4701081859375 0.025217662499999998