0 0.5977350421875001 0.046133546875 0.5607593734375 0.219227659375 0.5726548124999999 0.24703013125 0.62761928125 0.2752924109375 0.646649121875 0.2620771671875 0.686404053125 0.0851549296875 0.5977350421875001 0.046133546875
0 0.88818239375 0.18671720625 0.8919979109374999 0.37640481718749996 0.914384828125 0.397554178125 0.9903561375000001 0.38908419375 0.982858815625 0.18107469062499998 0.88818239375 0.18671720625
0 1 0.3997310515625 0.980065225 0.400659528125 0.9537004234375001 0.44997026093750003 0.9589198953125001 0.67411345 1 0.6722001125 1 0.3997310515625
0 1 0.744318246875 0.9313039484375001 0.740742946875 0.885431775 0.767537309375 0.8372531015625 0.7377260828125001 0.7493624750000001 0.7418196546875 0.702463596875 0.76742895 0.70682828125 0.9225700109374999 0.73259615625 0.9546579312500001 1 0.952699871875 1 0.744318246875
0 0.5403542203125 0.774979315625 0.5393036390625 0.797220296875 0.571957596875 0.830220378125 0.60866584375 0.8186475328125 0.5953664468750001 0.7563894875 0.5403542203125 0.774979315625
0 0.5296383 0.8001362515625001 0.523602234375 0.7720608734375001 0.44740648125 0.79903469375 0.47656009531250004 0.9382264953125 0.5307461828125 0.92337381875 0.5082064500000001 0.8504501203125001 0.5296383 0.8001362515625001
0 0.300549628125 0.8687521374999999 0.290311240625 0.9296406921875 0.3215134859375 0.97503730625 0.467821171875 0.939866409375 0.44891072187500003 0.8359513796875 0.300549628125 0.8687521374999999
0 0.460280878125 0.37062163593749997 0.44074962968750003 0.3715313171875 0.43604111874999996 0.35202435468750004 0.3746919828125 0.33515546875 0.34617349062499997 0.379634946875 0.335863471875 0.5108016671875 0.46717650468749994 0.5638644640625 0.48590549687499995 0.54326588125 0.512341928125 0.42367697968750007 0.460280878125 0.37062163593749997
0 0.542092459375 0.48147012968749997 0.620069421875 0.52222239375 0.6674362921875 0.340014059375 0.580620121875 0.298440590625 0.542092459375 0.48147012968749997
0 0.417574778125 0.11493633750000001 0.3226452640625 0.06634340625 0.28411760468749997 0.2493729421875 0.3003204203125 0.286837925 0.3275638890625 0.28310325937499997 0.3548837609375 0.30525575625 0.373488590625 0.3056221140625 0.38152553437500003 0.2867544109375 0.417574778125 0.11493633750000001
0 0.10314553125 0.106156175 0.058557929687499996 0.28453639062499997 0.1348826171875 0.3327629578125 0.157618134375 0.31444355 0.1938679484375 0.14754770156250002 0.10314553125 0.106156175
0 0.11527973124999999 0.40395080781250003 0.10569556875 0.5289192578125 0.24492138593749999 0.5840792953125 0.27381235625 0.47670499218750007 0.24639220312500001 0.4520913828125 0.11527973124999999 0.40395080781250003