0 0.28125 0.1869278921875 0.28515625 0.029391178125 0.2275390625 0.0235129421875 0.228515625 0.2927361359375 0.267578125 0.2974387234375 0.29296875 0.290384840625 0.28515625 0.2551154265625 0.2890624984375 0.1963330703125 0.28125 0.1869278921875
0 0.0009765625 0.134023771875 0 0.23630507343749999 0.087890625 0.2715744875 0.1025390625 0.2656962515625 0.123046875 0.22925119062500002 0.125 0.18927918906250002 0.0009765625 0.134023771875
0 0.4814453125 0.009405176562500001 0.369140625 0.0035269421875 0.37109375 0.14930718437499998 0.3828124984375 0.154009775 0.3974609375 0.14342895 0.4384765625 0.1457802453125 0.482421875 0.1351994203125 0.4814453125 0.009405176562500001
0 0.4208984375 0.20221130625 0.3916015625 0.185752246875 0.375 0.1869278921875 0.375 0.31389778281249997 0.376953125 0.33976202187500004 0.384765625 0.346815903125 0.3994140625 0.3385863734375 0.48828125 0.33035684375 0.4853515625 0.20221130625 0.4208984375 0.20221130625
0 0.248046875 0.85234416875 0.2470703125 0.818250403125 0.2412109375 0.820601696875 0.2333984375 0.808845225 0.2158203125 0.8111965187499999 0.1845703125 0.8558711109375 0.1474609375 0.8229529921875001 0.1279296875 0.8394120515625 0.1025390625 0.8441146390625001 0.0869140625 0.8276555796875 0.0791015625 0.8300068734374999 0 0.7465359265625 0.0009765625 0.9993000593750001 0.244140625 0.9981244140625 0.248046875 0.9910705296875 0.1923828125 0.9381664093750001 0.19140625 0.9275855859375 0.248046875 0.85234416875
0 0.65625 0.8758571109375 0.6640624984375 0.8593980515625 0.654296875 0.8358851093749999 0.6435546875 0.8300068734374999 0.6083984375 0.85822240625 0.60546875 0.8711545234375 0.625 0.899370053125 0.611328125 0.90407264375 0.611328125 0.9181804078125 0.615234375 0.9440446453125 0.626953125 0.958152409375 0.630859375 0.9910705296875 0.6357421875 0.9993000593750001 0.654296875 0.9981244140625 0.6796875015625 0.9840166484375 0.6796875015625 0.96520629375 0.671875 0.897018759375 0.65625 0.8758571109375
0 0.697265625 0.09522741875 0.712890625 0.0975787125 0.732421875 0.07406576875000001 0.72265625 0.0035269421875 0.6865234375 0 0.697265625 0.09522741875
0 0.5205078125 0 0.521484375 0.0693631796875 0.5322265625 0.0822952984375 0.546875 0.083470946875 0.529296875 0.085822240625 0.529296875 0.10933518281250001 0.556640625 0.1163890671875 0.5625 0.10933518281250001 0.5625 0.0058782359375 0.5595703125 0 0.5205078125 0
0 0.9130859375 0.192806128125 0.896484375 0.23395377968750003 0.9130859375 0.246885896875 0.94921875 0.2504128390625 0.9609375015625 0.23630507343749999 0.96484375 0.20808954218750003 0.9482421875 0.19750871718750002 0.9130859375 0.192806128125
0 1 0.42675990781250006 0.9580078125 0.41617908437500006 0.94921875 0.459678028125 0.9580078125 0.46790755781250004 0.990234375 0.4714345 1 0.45732673437500004 1 0.42675990781250006
0 0.9638671875 0.5219873265625 0.98046875 0.5208116781250001 0.98828125 0.4925961484375 0.9580078125 0.4820153234375 0.953125 0.5114065015625 0.9638671875 0.5219873265625
0 0.892578125 0.65248415625 0.892578125 0.6971587484375 0.904296875 0.70421263125 0.9130859375 0.69363180625 0.939453125 0.6877535703125 0.9365234375 0.6489572140625001 0.892578125 0.65248415625
0 0.5751953125 0.420881671875 0.572265625 0.4338137921875 0.578125 0.466731909375 0.59765625 0.4761370875 0.60546875 0.4385163796875 0.603515625 0.42205732031250004 0.5927734375 0.4138277890625 0.5751953125 0.420881671875