0 0.037688378125 0.285498246875 0.19511143125 0.283425103125 0.2047439296875 0.291347040625 0.2634126265625 0.28812478750000003 0.2989093609375 0.2963476828125 0.3052244515625 0.27103913749999997 0.2993852609375 0.23192191874999998 0.030133653125 0.22781266093750002 0.037688378125 0.285498246875
0 0.1929163171875 0.1272024625 0.2328314890625 0.1257144546875 0.2686798328125 0.10563071875 0.27413184375 0.0910506796875 0.23630507343749999 0.0027496578125 0.1340521875 0.0025360703125000003 0.1929163171875 0.1272024625
0 0.0234138046875 0.4815547515625 0.1492364625 0.4839950625 0.1585386109375 0.44017286875000006 0.15499388281249998 0.399129884375 0.16514848124999998 0.3846045640625 0.160104909375 0.372831096875 0.0142678375 0.36918166406249997 0.0234138046875 0.4815547515625
0 0.197839278125 0.377175103125 0.1971466890625 0.3937629859375 0.21445820000000002 0.4232513796875 0.21633359375 0.4877045046875 0.3445643765625 0.4921253 0.3502081359375 0.403353871875 0.3580114390625 0.38880119375 0.3507302375 0.38090661406250004 0.32480916875 0.37865253125 0.197839278125 0.377175103125
0 1 0.040280690625 0.9993284750000001 0.012604471875 0.7465359265625 0.00868673125 0.8323084937499999 0.0887595671875 0.8301845203125 0.09654470781249999 0.8470982203125 0.11236122500000001 0.843134425 0.13769713125 0.8272436671875001 0.15703686249999999 0.8612415578125001 0.194529275 0.8174762484375 0.2252594390625 0.8156364265624999 0.24281020312499998 0.8276202187499999 0.250759503125 0.8254394156249999 0.2565915171875 0.8595615953125 0.25796479687499996 0.9331549390625 0.2021996859375 0.9437641781250001 0.2032993671875 0.9982879562500001 0.25957902499999996 1 0.25863566250000003 1 0.040280690625
0 1 0.6411674406250001 0.9763948828125001 0.6381022375 0.9619461375 0.6262193296875 0.9359682390625 0.622012121875 0.9218604750000001 0.6218479625 0.9175556953124999 0.63546511875 0.8887718640625 0.61560555 0.8759249921875 0.618384759375 0.8487324031249999 0.6532126921875 0.8549232046874999 0.664023278125 0.878720296875 0.6740625 0.8949520359375001 0.6664415203125 0.9165683250000001 0.6823127578125 0.9849831796874999 0.69091869375 1 0.6910934296875 1 0.6411674406250001
0 0.0245540921875 0.7226972890625001 0.09537706875 0.7332837078125001 0.11832171093749999 0.71402605625 0.1155157765625 0.698373696875 0.0199757921875 0.6865234375 0.0245540921875 0.7226972890625001
0 0.1247361484375 0.5305691046875001 0.10122320625 0.5302955078125 0.099383384375 0.547846271875 0.09778150937499999 0.5331841546875 0.08453682500000001 0.5222914890625 0.015145231249999998 0.5205078125 0.0162818328125 0.5595703125 0.0222453140625 0.5625684 0.1257022609375 0.5637722296875001 0.1325856546875 0.557994934375 0.1247361484375 0.5305691046875001
0 0.21937421562499998 0.915329440625 0.225099746875 0.9505404093750001 0.236163628125 0.967265090625 0.2642654984375 0.9636871593749999 0.278032284375 0.9521325671875 0.273453984375 0.915958715625 0.2600388109375 0.8992066734374999 0.21937421562499998 0.915329440625
0 0.49408530781250004 1 0.500247378125 0.9957200125 0.4957827375 0.9634524093750001 0.4872974734375 0.9545675875 0.4440542640625 0.9628504953125001 0.4544652875 1 0.49408530781250004 1
0 0.5098905031250001 0.96361656875 0.5213521953125 0.994013125 0.5493404046875 0.9865289421875 0.550032996875 0.9699410593750001 0.53913960625 0.959075753125 0.5098905031250001 0.96361656875
0 0.6762072625 0.9440747390625001 0.7150888640625 0.9474558625 0.72019989375 0.921157075 0.7305249828125 0.91249113125 0.72313011875 0.9006903015625 0.6784555265625001 0.900170465625 0.6762072625 0.9440747390625001
0 0.43761814687499995 0.5800927140625001 0.43107573437499996 0.597588759375 0.43961783125 0.6084267062500001 0.45613372031250005 0.6105713500000001 0.4935271078125 0.6031966062499999 0.48355362812499997 0.5835559171875 0.45046502187500004 0.57731350625 0.43761814687499995 0.5800927140625001