0 0.7391459046875 0.8687935671875 0.7691634453125 0.8733241171874999 0.9542842734375 0.8048042859375 0.9583827843750001 0.7452226109375 0.7362590921875001 0.8307644468750001 0.7391459046875 0.8687935671875
0 0.579280121875 0.7906244828125 0.49355564375 0.8248048546875 0.5096025375 0.8724405125000001 0.600363365625 0.8352736374999999 0.579280121875 0.7906244828125
0 0.35377443125 0.9220761187500001 0.3758771125 0.9286507 0.5073423359375 0.878322615625 0.48368766093750004 0.8268716125 0.34348455312500004 0.8763254046875 0.35377443125 0.9220761187500001
0 0.484752775 0.9927736046875 0.5809635421875 0.9633510484375 0.5761236046875 0.9253446546875 0.5607033218749999 0.9216202171875001 0.47600658749999997 0.9548126625 0.484752775 0.9927736046875
0 0.3738340859375 0.9862565234374999 0.40796259375000005 0.9868353703125001 0.56584203125 0.9166805874999999 0.5549380015625001 0.8826486234375001 0.3747511640625 0.950135075 0.3738340859375 0.9862565234374999
0 0.3062894296875 0.9528836328124999 0.3220126359375 0.9322053703125001 0.30257544062499997 0.8933928640625 0.2232262859375 0.9362827546875 0.199993503125 0.9326492249999999 0.035534025000000004 0.9980007375 0.1927094078125 0.997147803125 0.3062894296875 0.9528836328124999
0 0.21191697187499997 0.9286066156249999 0.3026777984375 0.8914397390625 0.2850830640625 0.8174709828125 0.27161590625 0.81372381875 0.1838359453125 0.8498800421875 0.21191697187499997 0.9286066156249999
0 0.22944111406249998 0.6873388609375 0.1535846203125 0.7194524734375001 0.171175203125 0.77487790625 0.254021171875 0.7397550625 0.22944111406249998 0.6873388609375
0 0 0.8210096625000001 0.03878044375 0.80569746875 0.0475224796875 0.825115084375 0.1531876421875 0.782894946875 0.164492803125 0.7720277624999999 0.13899151406250002 0.7371896859375 0 0.7977166312499999 0 0.8210096625000001
0 0 0.73083704375 0.0226228859375 0.7229282859375 0.0067848640625 0.6899297015625 0 0.6927243609375 0 0.73083704375
0 0.20804248749999998 0.6114624328125 0.1352692203125 0.64061226875 0.1364076265625 0.674757865625 0.21874180000000001 0.649400646875 0.20804248749999998 0.6114624328125
0 0.4353048890625 0.5209809671875 0.3565698890625 0.5521521078125 0.35770829375 0.58629770625 0.4480596859375 0.5569433296875 0.4353048890625 0.5209809671875
0 0.5554857140625 0.5742366875 0.29348065 0.67585805625 0.29616274531250003 0.717793428125 0.5715326078125 0.621872346875 0.5554857140625 0.5742366875
0 0.6523147875 0.55163870625 0.9736301140625001 0.43566366093750003 0.9736176562500001 0.3800336890625 0.9328109015624999 0.3951480234375 0.9261326562500001 0.41084120312500005 0.908963965625 0.40323324375 0.6400717859375 0.50591071875 0.6523147875 0.55163870625
0 0.6706260359375 0.6119355875 0.6886177484375 0.622461871875 0.760260915625 0.5962530859374999 0.7431904328125001 0.568148678125 0.6745281328125 0.5933468093750001 0.6706260359375 0.6119355875
0 0.9653348875000001 0.5753234625 0.6916110734375 0.6770811921875 0.6958368578125 0.7268063359375 0.9652449859375001 0.6329065593750001 0.9653348875000001 0.5753234625
0 0.8800005375 0.9745109421875 0.8538933999999999 0.9884782640625 0.9472298125 0.9766565593750001 0.9453665875 0.9190961890624999 0.8786574140625 0.9442715953124999 0.8800005375 0.9745109421875
0 0.9453665875 0.9190961890624999 0.77967465 0.9893418781250001 0.9472298125 0.9766565593750001 0.9453665875 0.9190961890624999
0 0.9706160265625 0.2883277203125 0.7963909234375001 0.3537928671875 0.7996871734375001 0.3840094875 0.8100711046875 0.39072042812499996 0.9814176984375 0.324312809375 0.9842879015625 0.288168634375 0.9706160265625 0.2883277203125
0 0.9488079656249999 0.2202637921875 0.5973768921875 0.3522047359375 0.6035558015625 0.4019071546875 0.96865875 0.2698071234375 0.9488079656249999 0.2202637921875
0 0.8999466203125 0.07248536562499999 0.6899511125 0.1500783421875 0.6843047609374999 0.1833269203125 0.5591083484375 0.225774325 0.5547968156249999 0.252175603125 0.9158911546875 0.12207414999999999 0.8999466203125 0.07248536562499999
0 0.9955390812499999 0.0362382359375 0.959563959375 0.052272315624999996 0.973657728125 0.0999307015625 0.994523796875 0.092856134375 0.9955390812499999 0.0362382359375