0 0.0029296875 0.18359375 0.001953125 0.2431640625 0.2197265625 0.16015625 0.21484375 0.1220703125 0.1845703125 0.1171875 0.0029296875 0.18359375
0 0.37890625 0.2021484375 0.462890625 0.1689453125 0.4443359375 0.12109375 0.35546875 0.1572265625 0.37890625 0.2021484375
0 0.4462890625 0.115234375 0.47265625 0.1669921875 0.6103515625 0.119140625 0.59765625 0.0732421875 0.5751953125 0.06640625 0.4462890625 0.115234375
0 0.375 0.0673828125 0.390625 0.0712890625 0.4736328125 0.0390625 0.462890625 0.0009765625 0.3681640625 0.029296875 0.375 0.0673828125
0 0.3857421875 0.076171875 0.3984375 0.1103515625 0.5751953125 0.044921875 0.57421875 0.0087890625 0.5400390625 0.0078125 0.3857421875 0.076171875
0 0.7548828125 0 0.6435546875 0.04296875 0.62890625 0.0634765625 0.650390625 0.1025390625 0.7275390625 0.060546875 0.7509765625 0.064453125 0.912109375 0.0009765625 0.7548828125 0
0 0.671875 0.1787109375 0.685546875 0.1826171875 0.771484375 0.1474609375 0.7392578125 0.068359375 0.650390625 0.1044921875 0.671875 0.1787109375
0 0.734375 0.3095703125 0.80859375 0.2783203125 0.7880859375 0.22265625 0.70703125 0.2568359375 0.734375 0.3095703125
0 0.9091796875 0.173828125 0.8056640625 0.21484375 0.794921875 0.2255859375 0.822265625 0.2607421875 0.984375 0.1904296875 0.9638671875 0.17578125 0.9189453125 0.193359375 0.9091796875 0.173828125
0 0.95703125 0.3095703125 1 0.2919921875 0.9990234375 0.255859375 0.939453125 0.2763671875 0.95703125 0.3095703125
0 0.759765625 0.3857421875 0.8310546875 0.357421875 0.828125 0.3232421875 0.7470703125 0.34765625 0.759765625 0.3857421875
0 0.537109375 0.4736328125 0.6142578125 0.443359375 0.611328125 0.4091796875 0.5224609375 0.4375 0.537109375 0.4736328125
0 0.4140625 0.4189453125 0.6708984375 0.3203125 0.666015625 0.2783203125 0.3955078125 0.37109375 0.4140625 0.4189453125
0 0.3330078125 0.486328125 0.318359375 0.4404296875 0.0029296875 0.552734375 0.005859375 0.6083984375 0.0458984375 0.59375 0.0517578125 0.578125 0.0693359375 0.5859375 0.3330078125 0.486328125
0 0.2080078125 0.39453125 0.2265625 0.4228515625 0.2939453125 0.3984375 0.296875 0.3798828125 0.2783203125 0.369140625 0.2080078125 0.39453125
0 0.00390625 0.4130859375 0.2724609375 0.314453125 0.265625 0.2646484375 0.0009765625 0.35546875 0.00390625 0.4130859375
0 0.0009765625 0.01171875 0.005859375 0.0693359375 0.0712890625 0.044921875 0.068359375 0.0146484375 0.09375 0.0009765625 0.0009765625 0.01171875
0 0.16796875 0.0009765625 0.0009765625 0.01171875 0.005859375 0.0693359375 0.16796875 0.0009765625
0 0.0009765625 0.6640625 0 0.7001953125 0.013671875 0.7001953125 0.1845703125 0.63671875 0.1796875 0.6064453125 0.1689453125 0.599609375 0.0009765625 0.6640625
0 0.0390625 0.7685546875 0.3837890625 0.640625 0.375 0.5908203125 0.0166015625 0.71875 0.0390625 0.7685546875
0 0.431640625 0.7412109375 0.0771484375 0.8671875 0.095703125 0.9169921875 0.3017578125 0.841796875 0.3056640625 0.80859375 0.4287109375 0.767578125 0.431640625 0.7412109375
0 0.001953125 0.9521484375 0.037109375 0.9365234375 0.0205078125 0.888671875 0 0.8955078125 0.001953125 0.9521484375