0 0 0.1240234375 0.015625 0.1376953125 0.083984375 0.1123046875 0.09765625 0.0869140625 0.0830078125 0.060546875 0 0.0888671875 0 0.1240234375
0 0.162109375 0.0849609375 0.384765625 0.0009765625 0.2060546875 0.01171875 0.138671875 0.0400390625 0.162109375 0.0849609375
0 0.1796875 0.1435546875 0.2626953125 0.11328125 0.263671875 0.0966796875 0.1708984375 0.123046875 0.1796875 0.1435546875
0 0.0244140625 0.177734375 0.0390625 0.2099609375 0.1220703125 0.181640625 0.123046875 0.1611328125 0.0869140625 0.154296875 0.0244140625 0.177734375
0 0.00390625 0.2861328125 0.1455078125 0.234375 0.130859375 0.1884765625 0.0009765625 0.2421875 0.00390625 0.2861328125
0 0.20703125 0.2138671875 0.28515625 0.1806640625 0.2705078125 0.138671875 0.181640625 0.1708984375 0.20703125 0.2138671875
0 0.4580078125 0.0859375 0.4775390625 0.109375 0.5595703125 0.083984375 0.546875 0.0419921875 0.3740234375 0.08984375 0.3291015625 0.107421875 0.341796875 0.1123046875 0.3330078125 0.123046875 0.3212890625 0.111328125 0.2763671875 0.12890625 0.29296875 0.1767578125 0.3798828125 0.146484375 0.376953125 0.1142578125 0.4287109375 0.08984375 0.4580078125 0.0859375
0 0.763671875 0.0009765625 0.6435546875 0 0.66796875 0.0517578125 0.763671875 0.0009765625
0 0.734375 0.2353515625 0.9990234375 0.140625 0.99609375 0.0908203125 0.7158203125 0.1875 0.734375 0.2353515625
0 0.6376953125 0.28125 0.630859375 0.2412109375 0.6142578125 0.234375 0.3173828125 0.34375 0.341796875 0.3974609375 0.5400390625 0.3203125 0.5556640625 0.298828125 0.5732421875 0.306640625 0.6376953125 0.28125
0 0.76953125 0.3466796875 0.791015625 0.3857421875 0.9990234375 0.30859375 1 0.2548828125 0.7783203125 0.333984375 0.76953125 0.3466796875
0 0.8359375 0.5185546875 0.8515625 0.5244140625 0.9990234375 0.48046875 1 0.4248046875 0.8310546875 0.486328125 0.8359375 0.5185546875
0 0.97265625 0.5849609375 1 0.5751953125 0.9990234375 0.53125 0.955078125 0.5498046875 0.97265625 0.5849609375
0 0.90625 0.6845703125 0.9990234375 0.650390625 1 0.5947265625 0.8896484375 0.63671875 0.90625 0.6845703125
0 0.96484375 0.8447265625 1 0.8291015625 0.9990234375 0.76953125 0.939453125 0.7939453125 0.96484375 0.8447265625
0 0.9990234375 0.87890625 0.9765625 0.8876953125 0.98828125 0.9091796875 0.9990234375 0.87890625
0 0.77734375 0.9189453125 0.86328125 0.8798828125 0.8447265625 0.830078125 0.75390625 0.8662109375 0.77734375 0.9189453125
0 0.693359375 0.7939453125 0.724609375 0.8466796875 0.83203125 0.8017578125 0.7744140625 0.666015625 0.671875 0.7060546875 0.693359375 0.7939453125
0 0.5625 0.7392578125 0.57421875 0.7392578125 0.7724609375 0.66015625 0.765625 0.6162109375 0.5498046875 0.69140625 0.5625 0.7392578125
0 0.75 0.5849609375 0.7294921875 0.533203125 0.640625 0.5673828125 0.673828125 0.6123046875 0.689453125 0.6064453125 0.6923828125 0.580078125 0.6923828125 0.603515625 0.75 0.5849609375
0 0.53125 0.6669921875 0.6591796875 0.619140625 0.642578125 0.5712890625 0.5107421875 0.615234375 0.53125 0.6669921875
0 0.388671875 0.7177734375 0.5185546875 0.669921875 0.505859375 0.6201171875 0.3701171875 0.666015625 0.388671875 0.7177734375
0 0.365234375 0.6513671875 0.447265625 0.6201171875 0.4326171875 0.57421875 0.34375 0.6044921875 0.365234375 0.6513671875
0 0.16796875 0.7158203125 0.18359375 0.7177734375 0.3017578125 0.673828125 0.294921875 0.6396484375 0.1611328125 0.6796875 0.16796875 0.7158203125
0 0.3115234375 0.69140625 0.2255859375 0.71875 0.0498046875 0.78515625 0.0546875 0.8193359375 0.068359375 0.8232421875 0.1806640625 0.794921875 0.3232421875 0.7421875 0.330078125 0.7275390625 0.3115234375 0.69140625
0 0.044921875 0.7685546875 0.1298828125 0.73828125 0.12109375 0.7041015625 0.0302734375 0.73046875 0.044921875 0.7685546875
0 0 0.6689453125 0.017578125 0.6845703125 0.2685546875 0.59375 0.259765625 0.5419921875 0.0009765625 0.6328125 0 0.6689453125
0 0.1640625 0.5537109375 0.2470703125 0.5234375 0.240234375 0.4892578125 0.1513671875 0.515625 0.1640625 0.5537109375
0 0.0009765625 0.462890625 0.005859375 0.5185546875 0.1943359375 0.44921875 0.216796875 0.4306640625 0.205078125 0.3935546875 0.0009765625 0.462890625
0 0.0703125 0.3193359375 0.087890625 0.3330078125 0.1650390625 0.3046875 0.162109375 0.2744140625 0.0732421875 0.298828125 0.0703125 0.3193359375