0 1 0.8451864578125001 0.947014628125 0.8663748124999999 0.9342294140625 0.892083653125 0.9497986140625001 0.9181098953125 1 0.8995933046875001 1 0.8451864578125001
0 0.86984449375 0.8955369421875 0.6501210421875 0.9847036984375 0.8284568546875001 0.9698019671875 0.8948506999999999 0.9399133031250001 0.86984449375 0.8955369421875
0 0.8502202296875 0.8373523265625 0.7682695890625 0.8695577921875 0.7678727656250001 0.8861820843749999 0.859725440625 0.8576555718750001 0.8502202296875 0.8373523265625
0 1 0.7908663 0.9885262718750001 0.76767299375 0.9065074265625 0.797925334375 0.9062470125000001 0.8184558765625001 0.942618540625 0.8244508140625 1 0.801293953125 1 0.7908663
0 1 0.6989619296875 0.8812284015625 0.7457364734375 0.8974796484375 0.791293965625 1 0.7458559765625 1 0.6989619296875
0 0.8204211125 0.7676762593750001 0.7434555921875 0.8026977640625 0.759570428125 0.8443490062500001 0.8473122390625001 0.8100540359374999 0.8204211125 0.7676762593750001
0 0.70974404375 0.872874703125 0.7540520765625 0.854251009375 0.7357795 0.806785853125 0.649922609375 0.8390822375000001 0.6539776734375 0.8712406109374999 0.60307241875 0.89685935 0.573911953125 0.9014474921875 0.5535622484375 0.8784645859375001 0.4724176578125 0.9057645109375001 0.4865793703125 0.9474612109375 0.65775991875 0.895586484375 0.702067953125 0.8769627906249999 0.689202128125 0.8723754640625 0.697616065625 0.861428709375 0.70974404375 0.872874703125
0 0.365144596875 0.940514075 0.2712147921875 0.9935228390624999 0.39136608125 0.99170364375 0.365144596875 0.940514075
0 0.2923271125 0.758465946875 0.030986598437500002 0.8593522703125 0.0356555046875 0.90908876875 0.3125528125 0.8058856437499999 0.2923271125 0.758465946875
0 0.387403990625 0.7103172640625 0.3956381234375 0.75019721875 0.4124784015625 0.7566467515624999 0.7055339421875 0.6403619093749999 0.679244253125 0.5872192140625 0.48369614843750003 0.668981790625 0.46882139843750004 0.690829840625 0.45097045468749997 0.6834264765625 0.387403990625 0.7103172640625
0 0.026020065624999998 0.7451171875 0.244937465625 0.6608559734375 0.2532831984375 0.6479560921874999 0.23043473125 0.609393646875 0.025121001562500002 0.6913835203125 0.026020065624999998 0.7451171875
0 0.0200862625 0.5751953125 0.1868831296875 0.5097396296875 0.180874940625 0.47762671562500003 0.16504532656249998 0.47213101562500004 0.01911899375 0.5195085203125 0.0200862625 0.5751953125
0 0.0418372328125 0.4144026296875 0.01483450625 0.4248046875 0.0173456734375 0.4687272703125 0.060643042187499996 0.44914974374999994 0.0418372328125 0.4144026296875
0 0.10476504687499999 0.31324763125 0.013185190625 0.3495866453125 0.0141524609375 0.4052734375 0.1230376234375 0.36071278906250004 0.10476504687499999 0.31324763125
0 0.0405785171875 0.15445516718750002 0.0059679046875 0.1708984375 0.009024709374999999 0.2304460203125 0.0677424625 0.20464544375 0.0405785171875 0.15445516718750002
0 0.014890265625 0.09054755625000001 0.00520525 0.12107102031250001 0.027359265625 0.1117591734375 0.014890265625 0.09054755625000001
0 0.22548674218750003 0.07587230625 0.140913334375 0.1169350234375 0.161207240625 0.1663078453125 0.2507657671875 0.1280611671875 0.22548674218750003 0.07587230625
0 0.237248928125 0.3287338046875 0.338389796875 0.28630811875 0.3138362125 0.1989175484375 0.2807446890625 0.146910525 0.1748915203125 0.194332671875 0.237248928125 0.3287338046875
0 0.247777209375 0.3783339234375 0.46097164375000005 0.29811533749999997 0.4466053171875 0.2505592625 0.4348865671875 0.25083201875 0.2394066671875 0.3345477203125 0.247777209375 0.3783339234375
0 0.28680871875 0.46050073593749996 0.374482325 0.4242526421875 0.33971049375 0.380103578125 0.3242901078125 0.386326628125 0.3222811828125 0.41276200625000004 0.32146272656249997 0.38932450625000004 0.26449348281249996 0.4092202484375 0.28680871875 0.46050073593749996
0 0.48037888906250004 0.322097534375 0.35412021562499996 0.37292669375 0.372392790625 0.42039185156250003 0.5026941234375 0.37337802343750004 0.48037888906250004 0.322097534375
0 0.62118369375 0.2679977421875 0.49297189531249996 0.31887236093750004 0.507406425 0.3683815625 0.641545803125 0.3193236890625 0.62118369375 0.2679977421875
0 0.6469401515625 0.33385847812499997 0.566000175 0.3670177765625 0.582251421875 0.41257526875000006 0.6700614375 0.3802334234375 0.6469401515625 0.33385847812499997
0 0.717661878125 0.3439406875 0.8500527468750001 0.30078765 0.8419550234375001 0.2648139453125 0.8262618187499999 0.263224496875 0.7096323609375 0.3099201078125 0.717661878125 0.3439406875
0 0.69925289375 0.2925692796875 0.7842355296875 0.26322531250000003 0.957697821875 0.192727709375 0.9516214281250001 0.1586616703125 0.93781314375 0.1550736359375 0.8264974234375 0.18600786875 0.6857608234375 0.24206078749999999 0.6794364203125001 0.2568683328125 0.69925289375 0.2925692796875
0 0.9631603734375 0.209215621875 0.8792566078125 0.24146654843749998 0.8892392515624999 0.2754416671875 0.9791388015625 0.24696061406249997 0.9631603734375 0.209215621875
0 1 0.29807361875 0.993436921875 0.2925635640625 0.745631875 0.38922542187500003 0.7562283609375 0.440778665625 1 0.34842293281250003 1 0.29807361875
0 0.8515222578125 0.42683240156249996 0.7695716171875 0.45903786718750006 0.7776011359375 0.493058446875 0.8655475609375 0.46462285156250005 0.8515222578125 0.42683240156249996
0 1 0.4626464890625 0.8248977671875 0.5320292109375 0.8030847734375 0.5511066828125 0.8160994125000001 0.5879433 1 0.5203881531250001 1 0.4626464890625
0 0.86322864375 0.7060838171875 0.9512432734375 0.679601346875 0.9534568125 0.6590253453125 0.9354012546874999 0.64576260625 0.8592417843750001 0.67587856875 0.86322864375 0.7060838171875