0 0.4555430859375 1 0.45761829374999996 0.998038790625 0.46173524375 0.9522088265624999 0.42028808125 0.9360719 0.38514382812500003 0.9320645656250001 0.310027575 0.9257291265625 0.30247304375 0.9331307843750001 0.27660880625 0.9316243640625 0.2671634578125 0.986946059375 0.2890626859375 0.9950829953125 0.3587934421875 1 0.4555430859375 1
0 0.4532865484375 0.8262501953125 0.45861494687500004 0.8167584640625 0.43764541718750005 0.7204570078125 0.43632220000000005 0.6674487390625 0.4196262078125 0.651773196875 0.36974837968749996 0.6567098015624999 0.35054915000000003 0.6800967609375 0.3611791640625 0.698359621875 0.3498965578125 0.7271087078125 0.3721043140625 0.822502075 0.3889254703125 0.8362244921875 0.4532865484375 0.8262501953125
0 0.6629540046875 0.79533280625 0.6712595078125 0.7762123984375 0.6373354531250001 0.6242648109375 0.62001365 0.6183548937500001 0.5818922921875 0.6239762375 0.573224696875 0.6303328593749999 0.5689691906250001 0.6967391093749999 0.5795992046875 0.7150019703125 0.5800730703125 0.74443579375 0.602584715625 0.7614302656249999 0.6025579359375001 0.7986765890624999 0.6629540046875 0.79533280625
0 0.730774803125 0.6208851671875 0.7488341859375 0.6336994953125 0.7765624609375 0.6245322015625 0.7762003671875 0.6117684156250001 0.770147778125 0.5957325734375 0.7444087046875 0.5922730281249999 0.736004821875 0.5761002390625001 0.7030867046875 0.5741829765625 0.6921795828125 0.5970726890625 0.66012420625 0.6001067124999999 0.65602064375 0.6273135140625 0.663812109375 0.6346287671875 0.68497375625 0.63586129375 0.730774803125 0.6208851671875
0 0.826109615625 0.7352408125000001 0.8231325125 0.7448694890625001 0.8369765625 0.7682205843750001 0.8750979187500001 0.762599240625 0.9108813734375 0.7382177890625 0.9315825468750001 0.69139333125 0.92827013125 0.6510119015625 0.8938902421874999 0.6166626546875 0.8505924328125 0.5925762812500001 0.8023283171875001 0.5907454249999999 0.8072544484374999 0.6243593921875 0.8571188843750001 0.6380459468749999 0.8780168187499999 0.6618078828125 0.88369391875 0.6837031 0.8748877703125 0.7106360078125 0.826109615625 0.7352408125000001
0 0.7579802875 0.8224320203125 0.7906614765625 0.809632371875 0.7868350203125 0.795686603125 0.81345023125 0.7854742734375 0.8129629734374999 0.7746636109375 0.8091365187499999 0.76071784375 0.7786948546875 0.7569844015625 0.7399476890625001 0.77237136875 0.7215128203125001 0.7654164171875 0.6906956734375 0.7675423515625 0.6742232203125 0.7852068828125 0.68348984375 0.8063309578125001 0.730891215625 0.8032105265625 0.7415212296875 0.821473390625 0.7579802875 0.8224320203125
0 0.8797325859375 1 0.87187513125 0.94178949375 0.8665601265625 0.9326580640625 0.853565425 0.932881415625 0.8541912359375001 0.923115790625 0.92944604375 0.9088749421875001 0.9381002468749999 0.9211414828125 0.9430799437499999 0.8802628046875001 0.80087583125 0.8896240921875 0.756313009375 0.9036921296875 0.74490524375 0.934394340625 0.7564113890625 0.9389853265625 0.766652525 0.981730725 0.772968828125 0.9752371546875 0.763715596875 0.9354899187499999 0.776459971875 0.939172815625 0.7840145015625 0.93177115625 0.791680803125 0.9410395359375 0.7945059624999999 0.97061030625 0.78695143125 0.9780119640624999 0.79833241875 0.9845560750000001 0.7719675328125 0.9908621546875 0.77441411875 1 0.8797325859375 1
0 0.6550955859375 0.8811333593749999 0.61202131875 0.89038705625 0.577713025 0.9285773328125 0.585504490625 0.9358925875 0.602589359375 0.9270855921875001 0.613344534375 0.943395328125 0.6560433156250001 0.9400010062499999 0.6957783859375 0.927612196875 0.6987688828125 0.8993603578125 0.6550955859375 0.8811333593749999
0 0.6041798703125 0.0920415015625 0.627093784375 0.0659302765625 0.6007556828125 0.034990034375 0.5443246203125 0.0317032984375 0.5155950515625001 0.0564955921875 0.546872675 0.1024266390625 0.585494678125 0.08899279843749999 0.6041798703125 0.0920415015625
0 0.54439621875 0.10424281875000001 0.5032261609375 0.046953320312500005 0.4775988578125 0.06016381093749999 0.5102264796875 0.12185680624999999 0.53906781875 0.1137345484375 0.54439621875 0.10424281875000001
0 0.5034229203125 0.1175397140625 0.4753593328125 0.0766969 0.44527976406249997 0.0857272453125 0.46480091718749994 0.1309735578125 0.49339193281249993 0.12675755 0.5034229203125 0.1175397140625
0 0.38125399843749996 0.145711653125 0.44796637187500005 0.1358743015625 0.46034864999999997 0.1267934125 0.4372379765625 0.0823182421875 0.4017182390625 0.0841702828125 0.35938155156249996 0.10032839375 0.38125399843749996 0.145711653125
0 0.232818571875 0.21548286718749998 0.25905829375 0.2111299109375 0.2672386328125 0.1939626296875 0.24572828124999999 0.16134315625 0.22047646406250002 0.168694271875 0.21662322500000003 0.191994825 0.232818571875 0.21548286718749998
0 0.0747812078125 0.21411989843749998 0.14607100625 0.2065095671875 0.1524007 0.1813928375 0.1399200390625 0.155180528125 0.111579346875 0.1554902875 0.062188776562500006 0.171237553125 0.0747812078125 0.21411989843749998
0 0.0515989375 0.097105209375 0.08946997031250001 0.09539011562500001 0.10915645624999999 0.08281381875 0.09532579687500001 0.040839562499999996 0.06463380937499999 0.0410123734375 0.0392568296875 0.0503166140625 0.0515989375 0.097105209375
0 0 0.10272100312500002 0.0171922640625 0.1000022859375 0.02228373125 0.07579364375 0.0225474453125 0.0532642328125 0 0.0492448203125 0 0.10272100312500002
0 0.11051984687500001 0.0799526046875 0.1565578265625 0.0796933875 0.1606613875 0.0524865875 0.15028170000000002 0.030317475 0.10770807812500001 0.031758675 0.1031172609375 0.048154815625 0.11051984687500001 0.0799526046875
0 0.21856760937500003 0.06958214375 0.2074369515625 0.0591317828125 0.178345284375 0.071160290625 0.1809335125 0.08601414843750001 0.2082863015625 0.082706228125 0.21856760937500003 0.06958214375
0 0.21597938593750002 0.054728285937499996 0.2346511859375 0.07640015 0.24405636406250003 0.0769479390625 0.279714653125 0.0545196125 0.278977071875 0.0476152015625 0.2496618671875 0.026303637499999998 0.2239094 0.041467253125 0.21597938593750002 0.054728285937499996
0 0.294935484375 0.05638633125 0.33218070625 0.0644368640625 0.39233984375 0.0463761734375 0.40596035468749997 0.036387195312499995 0.4053479359375 0.027529657812500004 0.3044926078125 0.017734675 0.28281691875 0.0429378109375 0.294935484375 0.05638633125