0 0.087890625 0.36092366875000004 0.087890625 0.33505943125000004 0.0322265625 0.32918119687499997 0.025390625 0.3515184921875 0.023437501562499997 0.5114065015625 0.0322265625 0.5196360328125 0.078125 0.5208116781250001 0.091796875 0.47848838125000004 0.09375 0.44321896718750003 0.095703125 0.3679775515625 0.087890625 0.36092366875000004
0 0.3671875015625 0.41030084687499996 0.3427734375 0.3926661421875 0.3251953125 0.40442261406249996 0.2958984375 0.3950174359375 0.2021484375 0.423232965625 0.189453125 0.4408676734375 0.203125 0.50435261875 0.212890625 0.5090552078125 0.3076171875 0.4820153234375 0.3603515625 0.477312734375 0.375 0.459678028125 0.3671875015625 0.41030084687499996
0 0.4052734375 0.61133650625 0.3388671875 0.61133650625 0.3212890625 0.6230929781250001 0.2919921875 0.625444271875 0.2763671875 0.6489572140625001 0.2392578125 0.6513085109375 0.24609375 0.7112665125000001 0.265625 0.718320396875 0.4150390625 0.6748214531250001 0.419921875 0.6571867453125 0.412109375 0.6195660359375 0.4052734375 0.61133650625
0 0.46875 0.7371307515625001 0.4453124984375 0.7277255734375 0.4404296875 0.6959831015625 0.4130859375 0.69363180625 0.40625 0.7018613375 0.40625 0.723022984375 0.423828125 0.767697575 0.412109375 0.7865079296874999 0.4228515625 0.8135478140625001 0.435546875 0.8123721671874999 0.451171875 0.8053182828125 0.453125 0.779454046875 0.46875 0.77004886875 0.46875 0.7371307515625001
0 0.4580078125 0.8370607546875 0.4248046875 0.8441146390625001 0.4140624984375 0.894667465625 0.3916015625 0.9170047625000001 0.3701171875 0.9240586437499999 0.3427734375 0.9170047625000001 0.3154296875 0.8699788749999999 0.3056640625 0.8676275812500001 0.283203125 0.88291099375 0.291015625 0.9205317015625001 0.3173828125 0.9546254703124999 0.365234375 0.9722601765625001 0.4052734375 0.9663819406249999 0.4375 0.9299368796874999 0.458984375 0.8852622890624999 0.4580078125 0.8370607546875
0 0.279296875 0.767697575 0.275390625 0.7371307515625001 0.2568359375 0.7218473375000001 0.236328125 0.7324281609375001 0.2421875015625 0.779454046875 0.224609375 0.79121051875 0.224609375 0.8076695765625 0.2392578125 0.8394120515625 0.2529296875 0.8347094609375001 0.2646484375 0.8605737 0.275390625 0.8593980515625 0.2890624984375 0.8546954640625 0.291015625 0.8241286375 0.2734375015625 0.7865079296874999 0.279296875 0.767697575
0 0.1083984375 0.8135478140625001 0.06640625 0.82647993125 0.0732421875 0.8323581671875001 0.1123046875 0.820601696875 0.109375 0.833533815625 0.11718750156249999 0.840587696875 0.1083984375 0.8488172281249999 0.0791015625 0.8535198156250001 0.0712890625 0.8464659328125 0.0654296875 0.85822240625 0.0576171875 0.8323581671875001 0.033203125 0.840587696875 0.03515625 0.8593980515625 0.02734375 0.8735058171875 0.0419921875 0.9428689984374999 0.1123046875 0.92876123125 0.12109375 0.9228829984375 0.1201171875 0.909950878125 0.1298828125 0.909950878125 0.1484375015625 0.9840166484375 0.13671875 0.9934218234375001 0.177734375 0.9957731187500001 0.16015625 0.8546954640625 0.1435546875 0.8111965187499999 0.1123046875 0.80179134375 0.1083984375 0.8135478140625001
0 0.10156249843750001 0.64307898125 0.111328125 0.659538040625 0.095703125 0.6712945109375 0.10156249843750001 0.71361780625 0.1162109375 0.7524141625 0.14453125 0.7535898109375 0.16015625 0.70891521875 0.1484375015625 0.6665919234375 0.1083984375 0.63484945 0.10156249843750001 0.64307898125
0 1 0.5443246203125 0.9736328125 0.5172847375 0.9296875015625 0.5513785046875 0.9453124984375 0.5889992125 0.943359375 0.6078095671875 0.970703125 0.6289712140625 1 0.6007556828125 1 0.5443246203125
0 0.91796875 0.5443246203125 0.927734375 0.5490272109375 0.982421875 0.50435261875 0.9677734375 0.4796640296875 0.908203125 0.516109090625 0.91796875 0.5443246203125
0 0.90234375 0.49965002968750005 0.912109375 0.5090552078125 0.951171875 0.47848838125000004 0.9404296875 0.449097203125 0.896484375 0.4714345 0.90234375 0.49965002968750005
0 0.876953125 0.3891392 0.890625 0.454975440625 0.900390625 0.466731909375 0.943359375 0.4408676734375 0.939453125 0.40559825937499994 0.9208984375 0.364450609375 0.876953125 0.3891392
0 0.798828125 0.24571025156249998 0.8046875015625 0.2715744875 0.822265625 0.27862836875 0.853515625 0.2551154265625 0.8447265625 0.23042683749999998 0.8212890625 0.22807554218749998 0.798828125 0.24571025156249998
0 0.791015625 0.088173534375 0.802734375 0.1587123625 0.828125 0.16341495 0.853515625 0.14930718437499998 0.8515624984375 0.12109165468750001 0.8330078125 0.072890121875 0.791015625 0.088173534375
0 0.90625 0.05760671093750001 0.91015625 0.09522741875 0.923828125 0.114037771875 0.96484375 0.0975787125 0.962890625 0.0670118859375 0.9521484375 0.042323296875 0.90625 0.05760671093750001
0 0.9013671875 0.0235129421875 0.92578125 0.027039884375 0.9482421875 0.0258642359375 0.951171875 0.0011756484374999998 0.896484375 0.0011756484374999998 0.9013671875 0.0235129421875
0 0.9267578125 0.11521341874999999 0.9296875015625 0.16106365625000002 0.95703125 0.16341495 0.978515625 0.15165848125 0.974609375 0.10933518281250001 0.9580078125 0.1058082421875 0.9267578125 0.11521341874999999
0 0.9296875015625 0.21279213125 0.943359375 0.22219730625 0.953125 0.21044083750000003 0.939453125 0.1822253046875 0.9248046875 0.185752246875 0.9296875015625 0.21279213125
0 0.9375 0.2386563671875 0.9375 0.2480615453125 0.9619140625 0.2821553109375 0.96875 0.2809796625 0.98828125 0.2504128390625 0.9716796875 0.2257242484375 0.9580078125 0.21867036718750002 0.9375 0.2386563671875
0 0.955078125 0.33505943125000004 0.9765624984375 0.3938417875 0.9873046875 0.4067739078125 0.99609375 0.40559825937499994 1 0.3044926078125 0.9736328125 0.2845066046875 0.9609375015625 0.2974387234375 0.955078125 0.33505943125000004