0 0.776853359375 0.6414302937499999 0.7583834031250001 0.5930656140624999 0.7454001453125 0.5897596390625 0.7290774546875001 0.5970932296875 0.747479228125 0.6415516593749999 0.7604965765625 0.646810759375 0.776853359375 0.6414302937499999
0 0.7074385171875 0.5691337390625 0.6653197734375 0.57962100625 0.67745125625 0.6014474609375 0.7183773062500001 0.589949421875 0.7074385171875 0.5691337390625
0 0.6209179171875 0.593946109375 0.57876508125 0.602480253125 0.5885452671875 0.6242382890625 0.629471321875 0.6127402515625 0.6209179171875 0.593946109375
0 0.5875912203125 0.63689939375 0.5606365656250001 0.6409954265625 0.5814237265625 0.687475396875 0.606061178125 0.685264075 0.5875912203125 0.63689939375
0 0.44965002031249995 0.8124819531249999 0.42572797500000004 0.788360296875 0.46297367187500005 0.7679705734375 0.4461396015625 0.7460072875 0.43305406875 0.7368419390625001 0.4110747375 0.756699803125 0.40780348593750004 0.7712456171875 0.3564835921875 0.7258293671875 0.400783171875 0.705644890625 0.373283046875 0.678490921875 0.3638437765625 0.676264134375 0.3452379734375 0.687435559375 0.3337883296875 0.7046716046875 0.307583175 0.6843877828125 0.26355633125 0.7201972609375 0.276948690625 0.7469407343750001 0.3927762859375 0.8527979578125 0.44965002031249995 0.8124819531249999
0 0.2923573921875 1 0.40436282500000004 0.9107230156250001 0.350691634375 0.8652383499999999 0.175311709375 1 0.2923573921875 1
0 0.7767526578124999 0.8376167328124999 0.8995318609374999 0.9378198265625001 0.91605910625 0.9422049875 0.968127975 0.8958927765625001 0.8287533437500001 0.7873982734375 0.7767526578124999 0.8376167328124999
0 1 0.7755476234375 0.9190901437500001 0.711941484375 0.8647381624999999 0.762091528125 0.9970248203125 0.8684276609375001 1 0.8675204234375 1 0.7755476234375
0 1 0.6444683546875 0.950372375 0.6864979078125 1 0.722383221875 1 0.6444683546875
0 0.9134488281250001 1 0.7764122625 0.8854340875 0.7623385890625001 0.8869767187500001 0.7334076515625 0.912488709375 0.6630579375 1 0.9134488281250001 1
0 0.7423680609375001 0.68532593125 0.6360830578125001 0.7222520828125 0.6417061265624999 0.7751232890625 0.6547916593750001 0.7842886375 0.675885125 0.780998128125 0.7986291890625 0.7445508890625 0.775320271875 0.688236878125 0.7423680609375001 0.68532593125
0 0.4843021109375 0.30691170625 0.4552007140625 0.3226580734375 0.5014435328125 0.4138017203125 0.5190952859375 0.4152914 0.5412109828125 0.40324603750000004 0.49493407187500005 0.3101492640625 0.4843021109375 0.30691170625
0 0.37835645156250003 0.161323290625 0.44068384531250004 0.298810078125 0.48638066875 0.291355121875 0.4264045703125 0.15393675 0.415738515625 0.1487460671875 0.37835645156250003 0.161323290625
0 0.2653910015625 0.017482754687499998 0.0503333328125 0.0834541375 0.0591935625 0.11982640468750001 0.079196609375 0.1213845 0.2989227765625 0.053596823437499996 0.2925843 0.027058596875 0.2653910015625 0.017482754687499998
0 0.4786108578125 0.25013425 0.49213958281250003 0.2846902234375 0.51445983125 0.284363609375 0.5202187453125 0.2776987109375 0.5056336953125 0.24994446718750002 0.4786108578125 0.25013425
0 0.44354546875 0.193478159375 0.46794480156249996 0.2449435671875 0.48559655468749996 0.24643324687499998 0.49602396562499995 0.23795205468749997 0.4609244875 0.179342840625 0.44354546875 0.193478159375
0 0.4274268046875 0.14518189374999999 0.44098962343750003 0.18169099375 0.45393878593750003 0.18304384375 0.4617762609375 0.1608223609375 0.45206425625 0.1429705734375 0.4274268046875 0.14518189374999999