0 0.375 0.2504128390625 0.3798828125 0.2633449578125 0.423828125 0.2809796625 0.431640625 0.2645206046875 0.4287109375 0.251588484375 0.380859375 0.23395377968750003 0.375 0.2504128390625
0 0.439453125 0.344464609375 0.451171875 0.3021413140625 0.4306640625 0.2915604890625 0.41796875 0.3327081375 0.439453125 0.344464609375
0 0.4140624984375 0.43146249531249997 0.423828125 0.3891392 0.4052734375 0.38090966875 0.392578125 0.42205732031250004 0.4140624984375 0.43146249531249997
0 0.375 0.45027285 0.3798828125 0.423232965625 0.33203125 0.40559825937499994 0.3291015625 0.43028685 0.375 0.45027285
0 0.333984375 0.6477815687499999 0.33203125 0.638376390625 0.3056640625 0.61133650625 0.2841796875 0.6560110984375 0.240234375 0.605458271875 0.2548828125 0.60193133125 0.275390625 0.579594034375 0.2666015625 0.566661915625 0.2451171875 0.55020285625 0.2236328125 0.5878235640625 0.2001953125 0.564310621875 0.158203125 0.6219173328125 0.2607421875 0.735955103125 0.287109375 0.7488872203125 0.32421875 0.70421263125 0.3046875015625 0.6783483953125 0.322265625 0.6665919234375 0.333984375 0.6477815687499999
0 0.00390625 0.8429389921875 0.14453125 0.6642406281250001 0.1005859375 0.61133650625 0 0.7347794578125 0.00390625 0.8429389921875
0 0.1318359375 0.047025884375 0.083984375 0.09993000625000001 0.087890625 0.1163890671875 0.1845703125 0.2374807203125 0.236328125 0.18457659843750002 0.1318359375 0.047025884375
0 0.2431640625 0 0.1640624984375 0.0058782359375 0.16015625 0.01763470625 0.2626953125 0.1481315390625 0.314453125 0.092876121875 0.2431640625 0
0 0.3408203125 0.06113365 0.392578125 0.0011756484374999998 0.2978515625 0 0.3408203125 0.06113365
0 0.13671875 0.2386563671875 0.0009765625 0.072890121875 0.0029296875 0.36680190625 0.1083984375 0.2821553109375 0.134765625 0.2527641328125 0.13671875 0.2386563671875
0 0.3359375015625 0.26922319375 0.333984375 0.23630507343749999 0.2783203125 0.21396777656250002 0.23828125 0.33741072499999997 0.234375 0.358572375 0.2431640625 0.37150449375 0.2958984375 0.37620708125 0.3359375015625 0.26922319375
0 0.7041015625 0.5102308546875001 0.6123046875 0.4655562640625 0.599609375 0.4878935578125 0.6005859375 0.505528265625 0.6904296875 0.55020285625 0.70703125 0.5208116781250001 0.7041015625 0.5102308546875001
0 0.8583984375 0.57606709375 0.72265625 0.518460384375 0.7138671875 0.564310621875 0.849609375 0.6242686265625 0.86328125 0.58664791875 0.8583984375 0.57606709375
0 0.9814453125 0.7077395734375 0.955078125 0.7018613375 0.880859375 0.9228829984375 0.8818359375 0.9428689984374999 0.91796875 0.9510985281250001 0.990234375 0.7347794578125 0.9814453125 0.7077395734375
0 0.7373046875 0.48436661875000003 0.73046875 0.4902448546875 0.7294921875 0.5125821484374999 0.763671875 0.525514265625 0.7646484375 0.49847438125 0.7373046875 0.48436661875000003
0 0.7763671875 0.507879559375 0.767578125 0.518460384375 0.7685546875 0.536095090625 0.8193359375 0.559608034375 0.833984375 0.5419733265625 0.7763671875 0.507879559375
0 0.8525390625 0.5407976796875 0.830078125 0.5490272109375 0.8310546875 0.561959328125 0.8671875015625 0.5748914468749999 0.8701171875 0.55020285625 0.8525390625 0.5407976796875