0 0.08980065625 0.49713439062500003 0.0153725515625 0.5283203125 0.026253878125 0.6332884140624999 0.1209340609375 0.5919992296875 0.08980065625 0.49713439062500003
0 0.4936278609375 0.3205849203125 0.46455830625 0.33027485 0.1322579359375 0.476802703125 0.15087696718750002 0.5450747640625 0.1689665640625 0.56152643125 0.5295588328124999 0.4122071671875 0.5046826140625 0.3306387171875 0.4936278609375 0.3205849203125
0 0.49626588437499997 0.243123578125 0.7502319 0.1280319703125 0.73608741875 0.0790408359375 0.7135412359375 0.0775505109375 0.4760347078125 0.1866954296875 0.49626588437499997 0.243123578125
0 0.5314580640625 0.3093552 0.6888476015625 0.23763106562499997 0.6790640125 0.20401460624999998 0.5098420640625 0.2725834625 0.5177293578125 0.308278209375 0.5314580640625 0.3093552
0 1 0.058700695312499995 0.9868082453125 0.0541684640625 0.8188185953125 0.131463803125 0.8404345953125001 0.16823554062499999 1 0.09776275625 1 0.058700695312499995
0 0.8907559125000001 0 0.7908137843749999 0.0432471578125 0.8069682203124999 0.09406625625000001 0.9586688734375001 0.02857698125 0.9660267328125001 0.012451334375000001 1 0.008380243749999999 1 0 0.8907559125000001 0
0 1 0.1287077234375 0.8460846140625 0.1942898234375 0.8680415953124999 0.24278031093750002 1 0.1829006765625 1 0.1287077234375
0 0.5590082328125 0.3819468453125 0.8110779546875 0.268933525 0.7991707484374999 0.229582853125 0.7707651921875 0.2284680140625 0.537051253125 0.3334563578125 0.5590082328125 0.3819468453125
0 0.646348521875 0.39102557656250003 0.5681846562499999 0.428321196875 0.588852509375 0.46613207812499996 0.6621619765625 0.430125925 0.646348521875 0.39102557656250003
0 0.6057098078125 0.47385726406249995 0.5933270609375 0.48541300468750004 0.612269109375 0.5311615468750001 0.8682450796875001 0.41789790312499997 0.8601872937499999 0.37634378125 0.8471794156250001 0.366415146875 0.6057098078125 0.47385726406249995
0 1 0.29957430937499996 0.9041998875000001 0.3422150578125 0.9309544359374999 0.3874629515625 1 0.3547055 1 0.29957430937499996
0 0.8939378203125001 0.46027869062500004 0.8038847140625001 0.4924659078125 0.8236044203124999 0.5313159328125 0.9018251156250001 0.4959734359375 0.8939378203125001 0.46027869062500004
0 0.92941415 0.5362759375 0.6597663046875 0.650415715625 0.679826990625 0.7009844890625 0.9415486765625 0.583439109375 0.92941415 0.5362759375
0 0.718829725 0.7973018062499999 0.7193411968750001 0.8148799312499999 0.7418305484375 0.8144171312499999 0.7307369296874999 0.836652478125 0.750381840625 0.8393071093750001 0.9986021421875 0.7284972375 0.9885344015624999 0.685115153125 0.718829725 0.7973018062499999
0 1 0.7743115765625 0.9333504593749999 0.8060575125 0.9441390265624999 0.8405879515624999 0.95982085625 0.8415397812500001 1 0.823400565625 1 0.7743115765625
0 1 0.84332839375 0.7769449984375 0.945227040625 0.9060217375 0.942825728125 1 0.9010100156249999 1 0.84332839375
0 0.680221865625 0.8154300453125 0.602058 0.852725665625 0.62680259375 0.8961455984375 0.7001688921875 0.86209256875 0.680221865625 0.8154300453125
0 0.6002753656250001 0.858710203125 0.3296225421875 0.9719359984375 0.4353186125 0.9729897546874999 0.6062095359375 0.8945301109375 0.6002753656250001 0.858710203125
0 0.3289974109375 0.9504516234375 0.4033686875 0.9173125765625001 0.3995013015625 0.8852737578125 0.31134449062499997 0.9153826875 0.3152118765625 0.9474215078125001 0.3289974109375 0.9504516234375
0 0.487203471875 0.8395398265624999 0.42254099062500006 0.8700999390625 0.44683094375000004 0.8978948703125 0.5008933109375 0.8729059625 0.487203471875 0.8395398265624999
0 0.4485985484375 0.7568943859374999 0.2753566890625 0.821807315625 0.29156795625 0.8745795390625 0.45441905781249997 0.7888080421875 0.4485985484375 0.7568943859374999
0 0.47891836562499995 0.79017320625 0.6344684390625 0.7224804828125 0.6241165484375 0.6693327734375 0.4551219203125 0.74571413125 0.46513283124999993 0.7871430890625 0.47891836562499995 0.79017320625
0 0.2340180484375 0.8469592359375 0.02998083125 0.9294997578125 0.0345301765625 0.9849760765625 0.24810569999999998 0.8939972453125 0.2340180484375 0.8469592359375