0 0.0078125 0.6337890625 0.103515625 0.5986328125 0.0751953125 0.501953125 0 0.5283203125 0.0078125 0.6337890625
0 0.4541015625 0.359375 0.1181640625 0.484375 0.134765625 0.5537109375 0.15234375 0.5712890625 0.5166015625 0.4453125 0.494140625 0.3623046875 0.4833984375 0.3515625 0.4541015625 0.359375
0 0.4697265625 0.216796875 0.48828125 0.2744140625 0.7451171875 0.17578125 0.732421875 0.1259765625 0.7099609375 0.123046875 0.4697265625 0.216796875
0 0.5078125 0.3408203125 0.521484375 0.3427734375 0.6806640625 0.28125 0.671875 0.2470703125 0.5009765625 0.3046875 0.5078125 0.3408203125
0 0.8134765625 0.18359375 0.833984375 0.2216796875 0.9990234375 0.16015625 1 0.1240234375 0.9833984375 0.1171875 0.8134765625 0.18359375
0 1 0.0166015625 0.7880859375 0.09375 0.802734375 0.1455078125 0.9560546875 0.08984375 0.9638671875 0.07421875 0.9990234375 0.072265625 1 0.0166015625
0 0.859375 0.2978515625 0.9990234375 0.244140625 1 0.1904296875 0.8388671875 0.248046875 0.859375 0.2978515625
0 0.5263671875 0.3671875 0.546875 0.4169921875 0.8017578125 0.3203125 0.791015625 0.2802734375 0.7626953125 0.27734375 0.5263671875 0.3671875
0 0.57421875 0.5029296875 0.6484375 0.4716796875 0.6337890625 0.431640625 0.5546875 0.4638671875 0.57421875 0.5029296875
0 0.5908203125 0.51171875 0.578125 0.5224609375 0.595703125 0.5693359375 0.8544921875 0.47265625 0.84765625 0.4306640625 0.8349609375 0.419921875 0.5908203125 0.51171875
0 0.91796875 0.4462890625 1 0.4130859375 0.9990234375 0.359375 0.892578125 0.3994140625 0.91796875 0.4462890625
0 0.806640625 0.5830078125 0.8857421875 0.552734375 0.87890625 0.5166015625 0.7880859375 0.54296875 0.806640625 0.5830078125
0 0.658203125 0.7431640625 0.9228515625 0.642578125 0.912109375 0.5947265625 0.6396484375 0.69140625 0.658203125 0.7431640625
0 0.6943359375 0.859375 0.716796875 0.8603515625 0.705078125 0.8818359375 0.724609375 0.8857421875 0.9755859375 0.791015625 0.966796875 0.7470703125 0.6943359375 0.841796875 0.6943359375 0.859375
0 0.91796875 0.8994140625 0.93359375 0.9013671875 1 0.8759765625 0.9970703125 0.828125 0.908203125 0.8642578125 0.91796875 0.8994140625
0 0.876953125 0.9990234375 0.9990234375 0.953125 1 0.8955078125 0.748046875 0.9931640625 0.876953125 0.9990234375
0 0.599609375 0.9345703125 0.673828125 0.9052734375 0.6552734375 0.857421875 0.576171875 0.8896484375 0.599609375 0.9345703125
0 0.40625 0.9990234375 0.5791015625 0.931640625 0.57421875 0.8955078125 0.30078125 0.9912109375 0.40625 0.9990234375
0 0.287109375 0.9658203125 0.30078125 0.9697265625 0.3759765625 0.94140625 0.373046875 0.9091796875 0.2841796875 0.93359375 0.287109375 0.9658203125
0 0.419921875 0.9248046875 0.474609375 0.9033203125 0.4619140625 0.869140625 0.396484375 0.8955078125 0.419921875 0.9248046875
0 0.265625 0.8916015625 0.4306640625 0.81640625 0.42578125 0.7841796875 0.2509765625 0.837890625 0.265625 0.8916015625
0 0.44140625 0.8154296875 0.455078125 0.8193359375 0.6123046875 0.76171875 0.603515625 0.7080078125 0.4326171875 0.7734375 0.44140625 0.8154296875
0 0.005859375 0.9853515625 0.2216796875 0.908203125 0.208984375 0.8603515625 0.0029296875 0.9296875 0.005859375 0.9853515625