0 0.001953125 0.1591796875 0.08984375 0.1240234375 0.0732421875 0.076171875 0 0.1025390625 0.001953125 0.1591796875
0 0.380859375 0.1865234375 0.7216796875 0.060546875 0.71484375 0.0107421875 0.3583984375 0.13671875 0.380859375 0.1865234375
0 0.41015625 0.0009765625 0.3037109375 0 0.32421875 0.0400390625 0.41015625 0.0009765625
0 0.77734375 0.1767578125 0.4248046875 0.3046875 0.43359375 0.3505859375 0.447265625 0.3564453125 0.6220703125 0.271484375 0.7041015625 0.255859375 0.7841796875 0.21875 0.77734375 0.1767578125
0 0.833984375 0.2060546875 0.912109375 0.1767578125 0.8955078125 0.12890625 0.806640625 0.1611328125 0.833984375 0.2060546875
0 0.802734375 0.1201171875 0.8798828125 0.08984375 0.873046875 0.0537109375 0.7841796875 0.08203125 0.802734375 0.1201171875
0 0.8671875 0.0009765625 0.7509765625 0 0.7734375 0.0419921875 0.8671875 0.0009765625
0 0.8828125 0.3349609375 0.9990234375 0.2890625 1 0.2470703125 0.8603515625 0.283203125 0.8828125 0.3349609375
0 0.908203125 0.4013671875 0.9892578125 0.37109375 0.984375 0.3388671875 0.8916015625 0.369140625 0.908203125 0.4013671875
0 0.7119140625 0.36328125 0.7255859375 0.38671875 0.7451171875 0.38671875 0.8310546875 0.35546875 0.841796875 0.3486328125 0.833984375 0.3134765625 0.8154296875 0.302734375 0.4775390625 0.41796875 0.46484375 0.4365234375 0.486328125 0.4775390625 0.6630859375 0.41796875 0.65625 0.3837890625 0.6728515625 0.375 0.7119140625 0.36328125
0 0.05859375 0.5966796875 0.080078125 0.6357421875 0.3486328125 0.529296875 0.341796875 0.4912109375 0.0673828125 0.583984375 0.05859375 0.5966796875
0 0.35546875 0.5283203125 0.369140625 0.5341796875 0.443359375 0.5048828125 0.4208984375 0.44921875 0.34375 0.4794921875 0.35546875 0.5283203125
0 0.3662109375 0.328125 0.0927734375 0.43359375 0.0166015625 0.443359375 0.0078125 0.4599609375 0.029296875 0.4970703125 0.3798828125 0.376953125 0.39453125 0.3662109375 0.384765625 0.3369140625 0.3662109375 0.328125
0 0.158203125 0.8466796875 0.248046875 0.8095703125 0.2294921875 0.759765625 0.134765625 0.7958984375 0.158203125 0.8466796875
0 0.25390625 0.8056640625 0.33984375 0.7705078125 0.3212890625 0.7265625 0.232421875 0.7587890625 0.25390625 0.8056640625
0 0.33984375 0.7607421875 0.36328125 0.7626953125 0.4296875 0.7333984375 0.4111328125 0.69140625 0.32421875 0.7236328125 0.33984375 0.7607421875
0 0.337890625 0.7587890625 0.36328125 0.7626953125 0.5146484375 0.705078125 0.501953125 0.6572265625 0.3271484375 0.720703125 0.337890625 0.7587890625
0 0.8349609375 0.583984375 0.9208984375 0.55078125 0.9140625 0.5146484375 0.9052734375 0.501953125 0.8759765625 0.509765625 0.5615234375 0.6328125 0.544921875 0.6494140625 0.5703125 0.6748046875 0.7255859375 0.6171875 0.7353515625 0.58984375 0.7998046875 0.564453125 0.8349609375 0.583984375
0 0.958984375 0.5361328125 1 0.5205078125 0.9990234375 0.46484375 0.9375 0.4873046875 0.958984375 0.5361328125
0 0.919921875 0.6962890625 0.9638671875 0.681640625 0.96484375 0.6533203125 0.7001953125 0.74609375 0.689453125 0.7548828125 0.703125 0.7705078125 0.6591796875 0.79296875 0.6337890625 0.775390625 0.60546875 0.7861328125 0.63671875 0.7978515625 0.6103515625 0.81640625 0.6279296875 0.822265625 0.6376953125 0.80859375 0.646484375 0.8232421875 0.8740234375 0.740234375 0.8935546875 0.71875 0.9267578125 0.716796875 0.919921875 0.6962890625
0 0.662109375 0.9716796875 0.681640625 0.9833984375 0.9970703125 0.861328125 1 0.8076171875 0.6572265625 0.93359375 0.662109375 0.9716796875
0 0.6103515625 0.955078125 0.490234375 0.9990234375 0.62890625 0.9990234375 0.6103515625 0.955078125
0 0.212890625 0.9912109375 0.5673828125 0.84375 0.55859375 0.8056640625 0.1923828125 0.9375 0.212890625 0.9912109375
0 0.2890625 0.8876953125 0.3642578125 0.859375 0.357421875 0.8232421875 0.2705078125 0.8515625 0.2890625 0.8876953125
0 0.0078125 0.8994140625 0.052734375 0.8818359375 0.0341796875 0.83203125 0 0.8447265625 0.0078125 0.8994140625
0 0.0869140625 0.9765625 0.029296875 0.9990234375 0.099609375 0.9990234375 0.0869140625 0.9765625
0 0.0009765625 0.26953125 0 0.3317965734375 0.149514825 0.285505703125 0.1328125 0.2333984375 0.1181640625 0.2265625 0.0009765625 0.26953125
0 0.001953125 0.2490234375 0.029296875 0.2373046875 0.0126953125 0.19921875 0 0.2041015625 0.001953125 0.2490234375
0 0.1484375 0.2529296875 0.16015625 0.2548828125 0.21875 0.2294921875 0.1923828125 0.154296875 0.125 0.1787109375 0.1484375 0.2529296875
0 0.001953125 0.0380859375 0.0458984375 0.021484375 0.048828125 0.0009765625 0.0009765625 0 0.001953125 0.0380859375