0 0.8467839265625001 0 0.870743759375 0.06945516874999999 0.9195622531250001 0.0517398484375 0.903817484375 0 0.8467839265625001 0
0 0.9476229046875 0.69181851875 0.8424069187500001 0.33830534375 0.7912940296875 0.3619254984375 0.8974200703124999 0.6998136734375 0.9476229046875 0.69181851875
0 0.9751345562499999 0.386903721875 0.9823108515625 0.2804356796875 0.9410773453125 0.30187541093750003 0.9751345562499999 0.386903721875
0 0.735576734375 0.7659958921875 0.7779670703125 0.758182575 0.67057044375 0.408621109375 0.624160103125 0.41847847031249996 0.61750443125 0.43228672343749996 0.6922841546875 0.6051139234375 0.7031313796875 0.686781496875 0.735576734375 0.7659958921875
0 0.8189363593750001 0.8752328796875 0.7918857218750001 0.787115775 0.7453712546875 0.8155050921875 0.770117865625 0.8929482 0.8189363593750001 0.8752328796875
0 0.895439871875 0.851021753125 0.8722954843749999 0.762813728125 0.8331288593749999 0.782254875 0.8589089124999999 0.858698690625 0.895439871875 0.851021753125
0 0.9485155171875 0.843934971875 0.9562605968750001 0.7277013046875 0.9129602078125 0.7511396203125 0.9485155171875 0.843934971875
0 0.6946863203125 0.9824753671875 0.666687103125 0.8436679296875 0.6136210890625 0.86733354375 0.6527510109375 0.9824761828125 0.6946863203125 0.9824753671875
0 0.603799496875 0.9689869625 0.5789294968750001 0.876918146875 0.5457360046875 0.8942697921875 0.5712885437499999 0.9746198578125 0.603799496875 0.9689869625
0 0.6497722546875 0.79920065 0.5542177671874999 0.46399213437500003 0.536402496875 0.4517286875 0.49413555000000003 0.4741677109375 0.5434108921874999 0.649539009375 0.577988728125 0.64190753125 0.585810859375 0.6583045265624999 0.595254478125 0.69709426875 0.57102068125 0.7113116578125 0.5698831156249999 0.7308429078125 0.5961278265625001 0.81605305625 0.6023381031249999 0.8266361359375001 0.6379493796875 0.8180053640624999 0.6497722546875 0.79920065
0 0.3595937921875 0.0715999296875 0.4503975765625 0.337677075 0.48888166093749996 0.329954678125 0.4120910234375 0.057699940625 0.399907615625 0.049206365625 0.3595937921875 0.0715999296875
0 0.44432031875 0.35829853749999996 0.46929444374999996 0.43183539531250004 0.5262667078125001 0.4080788609375 0.5004866546875 0.331635046875 0.45097599062500004 0.3444902828125 0.44432031875 0.35829853749999996
0 0.5314185250000001 0 0.5012233390625 0.01759105625 0.6009212203125001 0.3653812359375 0.6108102343749999 0.3797796453125 0.6406758921875 0.369332128125 0.6505456421875 0.3505728734375 0.5610028125000001 0.0795901859375 0.55567369375 0.0036456078125 0.548692975 0 0.5314185250000001 0
0 0.2268679765625 0.2239006703125 0.19625235937500002 0.1300151078125 0.1441060296875 0.1546345546875 0.1759826015625 0.243614575 0.2268679765625 0.2239006703125
0 0.25472454375 0.314924734375 0.22767390468749998 0.226807628125 0.1795475828125 0.24938303125 0.20969854375 0.334502259375 0.25472454375 0.314924734375
0 0.2161459640625 0.357757921875 0.24157511562499998 0.4234822796875 0.284647990625 0.4039502125 0.2574835953125 0.31778623281249996 0.21946416875 0.3342749625 0.2161459640625 0.357757921875
0 0.2161459640625 0.357757921875 0.2649470171875 0.5077840546875 0.313537996875 0.493974984375 0.2602426484375 0.32064773125 0.22153105 0.332276378125 0.2161459640625 0.357757921875
0 0.31884785312499997 0.5367618968750001 0.2919783921875 0.5627434953125 0.34055193125 0.716675878125 0.3673268984375 0.7258050703125 0.38896355625 0.789667221875 0.3673846890625 0.825278065625 0.3955825234375 0.9104427546875 0.432113484375 0.9027658171875 0.4453207015625 0.8936812671875 0.43921455 0.8645662312500001 0.334482484375 0.552977053125 0.31884785312499997 0.5367618968750001
0 0.4769697609375 0.9865675375 0.45809215625000005 0.925566884375 0.4080127078125 0.948187746875 0.4212488203125 0.9888396953124999 0.4769697609375 0.9865675375
0 0.1686384046875 0.65436098125 0.187695365625 0.628561221875 0.1786026484375 0.6004909359374999 0.16506379375 0.6320136921875 0.1480448203125 0.6060783703125 0.1411616359375 0.6237928734375 0.154264728125 0.6332402828125 0.13910438593750002 0.642370290625 0.20885955625000002 0.867977325 0.229206365625 0.8870085203125001 0.22922562968750002 0.9201661859374999 0.2501315890625 0.9128529249999999 0.2622205046875 0.956457290625 0.2904839390625 0.9567746906249999 0.21312451718749997 0.6942855796875 0.20496111562500002 0.683747959375 0.1885398203125 0.697783509375 0.1686384046875 0.65436098125
0 0 0.7508851515625 0.0805991421875 0.9938426890625 0.1341394453125 0.9955222406249999 0.028127162500000004 0.655680940625 0 0.6599100734375 0 0.7508851515625
0 0 0.22268075468749998 0.1232037140625 0.563746053125 0.16180155624999998 0.55407053125 0.051294976562500004 0.190928109375 0 0.2112553234375 0 0.22268075468749998
0 0.155940359375 0.353307790625 0.1326822140625 0.267052890625 0.0954687140625 0.2864485796875 0.11940939843750001 0.3609847296875 0.155940359375 0.353307790625
0 0.133338521875 0 0.1001309109375 0.0054713359375 0.11509263437499999 0.0499840765625 0.165978009375 0.030270171875 0.15641516875 0 0.133338521875 0
0 0 0.0968376515625 0.0183753328125 0.0863685484375 0 0.0314550625 0 0.0968376515625
0 0.672141165625 0 0.70578605 0.1328847859375 0.758866115625 0.11496964999999999 0.7665552265625 0.1001621046875 0.7353969874999999 0 0.672141165625 0
0 0.7357891484375 0.1428134546875 0.7577670765625 0.20081623125 0.8344981015625 0.172698853125 0.8140086421875001 0.105884284375 0.7384248125 0.1310492453125 0.7357891484375 0.1428134546875
0 0.9683881328125 0 0.9758423453124999 0.0231232328125 0.9961795234374999 0.025575596875000002 0.998190128125 0 0.9683881328125 0