0 0.31005405 0.773837046875 0.2949746875 0.7907375046875 0.21489656250000003 0.797274225 0.20041863750000002 0.8033527796875 0.20380405937499999 0.8442089718749999 0.23438441718749997 0.8505268359375 0.30233456406250003 0.8332279578125 0.30751189375 0.8132184125 0.58571749375 0.7591696078125 0.583206328125 0.7153040109375 0.553909453125 0.71769549375 0.31005405 0.773837046875
0 1 0.6190069406250001 0.842482115625 0.652027625 0.8140719000000001 0.6798097328125 0.7823444687500001 0.6686887734375 0.692909946875 0.6877414046875 0.69514829375 0.7237945015625 0.6411428406249999 0.747789853125 0.8409630281249999 0.720705865625 0.8580637203125001 0.7055990999999999 1 0.677394196875 1 0.6190069406250001
0 0.3138859140625 0.9116120765625 0.22344072812500002 0.9297678609375 0.23019916718750003 0.9830802171874999 0.328525059375 0.9662398296875001 0.3138859140625 0.9116120765625
0 0.40702207343749996 0.8863812062499999 0.22539385312500002 0.929608428125 0.2301309625 0.9811270921874999 0.416142865625 0.95125288125 0.40702207343749996 0.8863812062499999
0 0.603264628125 0.8409816781250001 0.4177983625 0.8864808906249999 0.41578943749999997 0.9130872265625 0.4366041703125 0.9202022515625 0.58408680625 0.8807416546875 0.61398511875 0.8675282671875 0.603264628125 0.8409816781250001
0 0.6584295609375 0.8501894515625 0.710221475 0.8469410609375 0.712093990625 0.816428475 0.700375240625 0.8173850687499999 0.6586217703125 0.8276487984375 0.6584295609375 0.8501894515625
0 1 0.5287502843749999 0.9132906343749999 0.5483129515625 0.9176185171875 0.588112865625 1 0.5740032953124999 1 0.5287502843749999
0 0.6026631499999999 0.5433095171875 0.9964999484374999 0.4631729359375 0.9942616015624999 0.4271198390625 0.974662146875 0.42676103593750003 0.6004248015625 0.507256421875 0.6026631499999999 0.5433095171875
0 0.9457682765625 0.27242422187500004 0.5774585109375 0.35439443593750003 0.5734282562499999 0.3792070796875 0.5906777625 0.39640659375 0.9657893625 0.3129018046875 0.9673890609375 0.27457671875 0.9457682765625 0.27242422187500004
0 0.7528615249999999 0.245079828125 0.823980075 0.234377740625 0.821946340625 0.20418401875 0.7945343859375 0.20446294375 0.754734040625 0.2145672421875 0.7528615249999999 0.245079828125
0 0.6596571609375 0.2683575734375 0.7229632125000001 0.2582932140625 0.7208612734375001 0.2261463671875 0.7032831484375001 0.2275812578125 0.6576234265625 0.23816385156250003 0.6596571609375 0.2683575734375
0 0.9203714281250001 0.10604979375000001 0.76002296875 0.1416638875 0.7401631 0.1618926140625 0.7432075 0.19298318125 0.940665334375 0.15433987656249998 0.9400390875 0.108361721875 0.9203714281250001 0.10604979375000001
0 0.548781659375 0.2343170265625 0.6471075515625 0.2174766375 0.6446645890625 0.175564165625 0.628834975 0.17098024843749998 0.5422960375 0.18881716875000001 0.548781659375 0.2343170265625
0 0.48700710156250004 0.20410317500000003 0.105093665625 0.2891425390625 0.1094215484375 0.328942453125 0.4956504609375 0.25530297343749997 0.48700710156250004 0.20410317500000003
0 0.391508590625 0.2177747265625 0.48599643593749997 0.203206328125 0.48989028125 0.174487434375 0.47217574687499997 0.172016075 0.3895430609375 0.18953413125000002 0.391508590625 0.2177747265625
0 0.40684218593750004 0.320333759375 0.5055091 0.3132589953125 0.507108796875 0.274933909375 0.4953218421875 0.27393737812499996 0.41080423593750004 0.293567990625 0.40684218593750004 0.320333759375
0 0.5026817203125 0.31642783125 0.48342328749999997 0.325834653125 0.4912481921875 0.353596953125 0.51744486875 0.34656180625 0.5026817203125 0.31642783125
0 0.42823976874999997 0.42827386875 0.52454433125 0.4096397875 0.5106554375 0.376496409375 0.48903465312499994 0.3743439140625 0.4239118875 0.3884739546875 0.42823976874999997 0.42827386875
0 0.14276730625 0.4985854015625 0.4237320828125 0.4394146375 0.4210163015625 0.389689665625 0.405323096875 0.3890119984375 0.1380301953125 0.4470667375 0.14276730625 0.4985854015625
0 0.20217328750000002 0.3487928890625 0.19848405625 0.3833711578125 0.11982582343749999 0.4025234734375 0.1341239453125 0.44738560156249996 0.2341983484375 0.42452640625000004 0.22372586718749998 0.3489922609375 0.20217328750000002 0.3487928890625
0 0.0913102328125 0.6516464359375 0.0241661359375 0.663982784375 0.0238375171875 0.6826171875 0.09684098906250001 0.6698025421875 0.0913102328125 0.6516464359375
0 0.1206133296875 0.817702 0.030168143749999998 0.835857784375 0.030999003125 0.8876953125 0.133162940625 0.8685829343749999 0.1206133296875 0.817702
0 0.14875695 0.9505544374999999 0.035147081250000003 0.978435909375 0.0348866671875 0.9990234375 0.15894420625 0.98987605625 0.14875695 0.9505544374999999
0 0.36388588125 0.6607353609375 0.287248978125 0.68168136875 0.2879434296875 0.7296126484375 0.37657189999999996 0.7155225453125 0.36388588125 0.6607353609375
0 0.535302034375 0.5213864625 0.2893570984375 0.5737811984375 0.263228628125 0.5827694703125 0.2640470828125 0.6062069703125 0.5513486671875001 0.5602297828125 0.550927034375 0.5201110046874999 0.535302034375 0.5213864625
0 0.08812942343749999 0.6166496171875 0.0230066578125 0.630779659375 0.0238375171875 0.6826171875 0.09684098906250001 0.6698025421875 0.08812942343749999 0.6166496171875
0 0.0135262140625 0.359295284375 0.04544585625 0.347875590625 0.037881365625 0.29952576249999996 0.0241412859375 0.2986886625 0.010537615625 0.3017578125 0.0135262140625 0.359295284375