0 0.828125 0.1826171875 0.826171875 0.1416015625 0.7958984375 0.1328125 0.7275390625 0.14453125 0.7216796875 0.1640625 0.4423828125 0.1953125 0.443359375 0.2392578125 0.47265625 0.2392578125 0.7177734375 0.203125 0.7333984375 0.1875 0.8134765625 0.1875 0.828125 0.1826171875
0 0.3330078125 0.2578125 0.33203125 0.2216796875 0.38671875 0.2021484375 0.1865234375 0.212890625 0.1689453125 0.2265625 0.0009765625 0.24609375 0.005859375 0.3037109375 0.1826171875 0.28125 0.2119140625 0.255859375 0.2431640625 0.26953125 0.3330078125 0.2578125
0 0.71875 0.0654296875 0.8095703125 0.0546875 0.8046875 0.0009765625 0.7060546875 0.009765625 0.71875 0.0654296875
0 0.625 0.0830078125 0.8076171875 0.0546875 0.8046875 0.0029296875 0.6181640625 0.017578125 0.625 0.0830078125
0 0.4482421875 0.07421875 0.41796875 0.0849609375 0.427734375 0.1123046875 0.6142578125 0.08203125 0.6171875 0.0556640625 0.5966796875 0.046875 0.4482421875 0.07421875
0 0.318359375 0.1279296875 0.330078125 0.1279296875 0.3720703125 0.12109375 0.373046875 0.0986328125 0.3212890625 0.09765625 0.318359375 0.1279296875
0 0.00390625 0.3818359375 0.01953125 0.3916015625 0.1083984375 0.37890625 0.10546875 0.3388671875 0.0068359375 0.34765625 0.00390625 0.3818359375
0 0.0234375 0.4931640625 0.04296875 0.4951171875 0.4189453125 0.4453125 0.41796875 0.4091796875 0.0224609375 0.45703125 0.0234375 0.4931640625
0 0.0478515625 0.609375 0.044921875 0.6474609375 0.06640625 0.6513671875 0.4365234375 0.599609375 0.44140625 0.5751953125 0.4248046875 0.556640625 0.0478515625 0.609375
0 0.1875 0.7294921875 0.21484375 0.7314453125 0.2548828125 0.724609375 0.2578125 0.6943359375 0.1865234375 0.69921875 0.1875 0.7294921875
0 0.2890625 0.7158203125 0.306640625 0.7158203125 0.3525390625 0.708984375 0.3515625 0.6787109375 0.2880859375 0.68359375 0.2890625 0.7158203125
0 0.0673828125 0.76953125 0.06640625 0.8154296875 0.0859375 0.8193359375 0.2470703125 0.796875 0.267578125 0.7783203125 0.265625 0.7470703125 0.0673828125 0.76953125
0 0.36328125 0.7724609375 0.37890625 0.7783203125 0.4658203125 0.767578125 0.4609375 0.7216796875 0.3623046875 0.73046875 0.36328125 0.7724609375
0 0.521484375 0.7568359375 0.9052734375 0.703125 0.90234375 0.6630859375 0.5146484375 0.705078125 0.521484375 0.7568359375
0 0.517578125 0.7861328125 0.53515625 0.7900390625 0.6181640625 0.779296875 0.6171875 0.7509765625 0.5224609375 0.7578125 0.517578125 0.7861328125
0 0.50390625 0.6845703125 0.515625 0.6865234375 0.6005859375 0.673828125 0.60546875 0.6474609375 0.5068359375 0.646484375 0.50390625 0.6845703125
0 0.509765625 0.6435546875 0.529296875 0.6357421875 0.5224609375 0.607421875 0.49609375 0.6123046875 0.509765625 0.6435546875
0 0.50390625 0.5830078125 0.525390625 0.5869140625 0.5908203125 0.578125 0.587890625 0.5380859375 0.4912109375 0.548828125 0.50390625 0.5830078125
0 0.59375 0.5771484375 0.609375 0.5791015625 0.8779296875 0.54296875 0.875 0.4912109375 0.5927734375 0.52734375 0.59375 0.5771484375
0 0.78125 0.5576171875 0.7890625 0.6337890625 0.810546875 0.6357421875 0.8154296875 0.6015625 0.89453125 0.5888671875 0.8818359375 0.54296875 0.78125 0.5576171875
0 0.931640625 0.3427734375 0.9990234375 0.3359375 1 0.3173828125 0.9267578125 0.32421875 0.931640625 0.3427734375
0 0.908203125 0.1748046875 0.9990234375 0.1640625 1 0.1123046875 0.8974609375 0.123046875 0.908203125 0.1748046875
0 0.884765625 0.0400390625 0.9990234375 0.021484375 1 0.0009765625 0.8759765625 0 0.884765625 0.0400390625
0 0.66015625 0.3115234375 0.7373046875 0.296875 0.73828125 0.2490234375 0.6494140625 0.255859375 0.66015625 0.3115234375
0 0.4697265625 0.396484375 0.46875 0.4365234375 0.484375 0.4365234375 0.7314453125 0.404296875 0.7578125 0.3974609375 0.7578125 0.3740234375 0.4697265625 0.396484375
0 0.93359375 0.3779296875 0.9990234375 0.369140625 1 0.3173828125 0.9267578125 0.32421875 0.93359375 0.3779296875
0 0.97265625 0.6982421875 0.986328125 0.7001953125 1 0.6982421875 0.9990234375 0.640625 0.966796875 0.6494140625 0.97265625 0.6982421875