0 0.4326171875 0.236328125 0.4375 0.2724609375 0.458984375 0.2919921875 0.7197265625 0.1953125 0.705078125 0.1435546875 0.6826171875 0.140625 0.4326171875 0.236328125
0 0.77734375 0.1650390625 0.9970703125 0.080078125 1 0.0224609375 0.7548828125 0.11328125 0.77734375 0.1650390625
0 0.802734375 0.2392578125 0.9697265625 0.1796875 0.9609375 0.1337890625 0.7900390625 0.19921875 0.802734375 0.2392578125
0 0.470703125 0.3583984375 0.484375 0.3623046875 0.6494140625 0.30078125 0.646484375 0.2646484375 0.4638671875 0.32421875 0.470703125 0.3583984375
0 0.4873046875 0.38671875 0.5078125 0.4384765625 0.7724609375 0.337890625 0.76171875 0.2939453125 0.7451171875 0.2890625 0.4873046875 0.38671875
0 0.830078125 0.3134765625 0.9990234375 0.25 1 0.1923828125 0.8095703125 0.263671875 0.830078125 0.3134765625
0 0.88671875 0.4638671875 0.9990234375 0.421875 1 0.3642578125 0.8681640625 0.412109375 0.88671875 0.4638671875
0 0.5625 0.5869140625 0.8271484375 0.486328125 0.8125 0.4384765625 0.5458984375 0.53515625 0.5625 0.5869140625
0 0.54296875 0.5185546875 0.623046875 0.4853515625 0.6083984375 0.44921875 0.51953125 0.4833984375 0.54296875 0.5185546875
0 0.0908203125 0.50390625 0.111328125 0.5791015625 0.126953125 0.5908203125 0.4716796875 0.470703125 0.44921875 0.3798828125 0.4267578125 0.376953125 0.0908203125 0.50390625
0 0.4697265625 0.66015625 0.5361328125 0.6484375 0.513671875 0.5556640625 0.1572265625 0.681640625 0.1796875 0.7646484375 0.1953125 0.7666015625 0.2275390625 0.765625 0.3310546875 0.712890625 0.3818359375 0.70703125 0.4697265625 0.66015625
0 0 0.8349609375 0.01171875 0.8349609375 0.14453125 0.7939453125 0.1181640625 0.69921875 0 0.7392578125 0 0.8349609375
0 0.009765625 0.6357421875 0.080078125 0.6162109375 0.0517578125 0.521484375 0 0.5380859375 0.009765625 0.6357421875
0 0.6328125 0.7568359375 0.8662109375 0.65625 0.861328125 0.6220703125 0.6083984375 0.708984375 0.6328125 0.7568359375
0 0.7607421875 0.556640625 0.765625 0.5908203125 0.779296875 0.5966796875 0.8564453125 0.568359375 0.8515625 0.5341796875 0.8310546875 0.52734375 0.7607421875 0.556640625
0 0.884765625 0.4638671875 0.9990234375 0.421875 1 0.3662109375 0.8701171875 0.412109375 0.884765625 0.4638671875
0 0.56640625 0.5869140625 0.8251953125 0.48828125 0.814453125 0.4404296875 0.5458984375 0.53515625 0.56640625 0.5869140625
0 0.931640625 0.6298828125 0.95703125 0.6376953125 1 0.6201171875 0.9990234375 0.556640625 0.921875 0.5888671875 0.931640625 0.6298828125
0 0.986328125 0.7177734375 1 0.7119140625 0.9990234375 0.671875 0.966796875 0.6826171875 0.986328125 0.7177734375
0 0.666015625 0.8720703125 0.6875 0.9072265625 0.9482421875 0.806640625 0.939453125 0.7587890625 0.6708984375 0.853515625 0.666015625 0.8720703125
0 0.90234375 0.9189453125 0.982421875 0.8896484375 0.9677734375 0.84375 0.876953125 0.8779296875 0.90234375 0.9189453125
0 0.890625 0.9990234375 0.9990234375 0.958984375 1 0.9091796875 0.73828125 0.9970703125 0.890625 0.9990234375
0 0.56640625 0.9521484375 0.646484375 0.9208984375 0.6298828125 0.87109375 0.5390625 0.9052734375 0.56640625 0.9521484375
0 0.41015625 0.9990234375 0.6455078125 0.923828125 0.6328125 0.8740234375 0.2890625 0.9970703125 0.41015625 0.9990234375
0 0.26953125 0.9853515625 0.3486328125 0.958984375 0.34375 0.9228515625 0.2529296875 0.94921875 0.26953125 0.9853515625
0 0.23828125 0.9072265625 0.32421875 0.8701171875 0.3076171875 0.822265625 0.216796875 0.8564453125 0.23828125 0.9072265625
0 0.23828125 0.9072265625 0.3974609375 0.83203125 0.390625 0.7978515625 0.2216796875 0.8515625 0.23828125 0.9072265625
0 0.39453125 0.8056640625 0.41796875 0.8369140625 0.5888671875 0.775390625 0.578125 0.7275390625 0.3994140625 0.787109375 0.39453125 0.8056640625
0 0.0078125 0.9853515625 0.1943359375 0.92578125 0.181640625 0.8759765625 0.0009765625 0.93359375 0.0078125 0.9853515625