0 0.5807127546874999 0.747162721875 0.5751992421875001 0.7111719843750001 0.5533739468750001 0.692265865625 0.294319309375 0.7965323765625001 0.3098711828125 0.8478639625 0.332383259375 0.850140103125 0.5807127546874999 0.747162721875
0 0.0170630078125 0.9775390625 0.2605949203125 0.87958656875 0.237230546875 0.8284823015624999 0.0189869828125 0.9198366296874999 0.0170630078125 0.9775390625
0 0.05418226875 0.8650743343749999 0.2239386265625 0.7946720109375 0.2105444296875 0.75500234375 0.0445920453125 0.8194316328125 0.05418226875 0.8650743343749999
0 0.5267560125 0.6226921578125 0.36279084687499996 0.689017740625 0.366351234375 0.7250653078125 0.54792861875 0.660181378125 0.540496071875 0.626200596875 0.5267560125 0.6226921578125
0 0.5019889281250001 0.5472022437499999 0.239096225 0.6554886640625 0.2506054796875 0.6991214109375 0.2672922734375 0.7035211671875 0.5234001765625 0.598363340625 0.5019889281250001 0.5472022437499999
0 0.014097010937500001 0.8076171875 0.2032823421875 0.7307871875 0.1819051859375 0.681579215625 0.014067860937500001 0.749971584375 0.014097010937500001 0.8076171875
0 0.011096921875 0.6357421875 0.14209760625 0.584054590625 0.12263948281249999 0.5328366640625 0.011067771875 0.578096584375 0.011096921875 0.6357421875
0 0.197301428125 0.5560677453125 0.462215440625 0.45163074375 0.4447104421875 0.40035598749999995 0.1818177390625 0.5086424078125 0.197301428125 0.5560677453125
0 0.40121548437500004 0.5393868078125 0.48948606406249995 0.50262135 0.465434909375 0.4681470609375 0.385936346875 0.5036802218750001 0.40121548437500004 0.5393868078125
0 0.9178390359374999 0.4696393234375 0.896018684375 0.3950407265625 0.8801891328125 0.3837766171875 0.5375592234375 0.5139243234374999 0.5616054359375 0.604091090625 0.5841175109375001 0.6063672312499999 0.9178390359374999 0.4696393234375
0 0.77655196875 0.21189868281250002 0.673956825 0.2676450546875 0.6232778515625 0.2749820125 0.5362054328125 0.32441436874999996 0.470003734375 0.33806534374999997 0.49408403749999996 0.430185234375 0.8483304203124999 0.293837171875 0.8244205765625001 0.21148290625000002 0.808761484375 0.209984421875 0.77655196875 0.21189868281250002
0 1 0.13602585625000002 0.9911620171875001 0.136283015625 0.8590654484375 0.1811630890625 0.88708609375 0.27512244531249996 1 0.2333297171875 1 0.13602585625000002
0 1 0.3643714546875 0.99659251875 0.335444934375 0.9266209375000001 0.3570220703125 0.9565947093749999 0.4509245953125 1 0.4356536796875 1 0.3643714546875
0 0.14526866249999998 0.37389474843750004 0.396681259375 0.27962118281250004 0.37143194375 0.23247999687499998 0.139789240625 0.3398571359375 0.14526866249999998 0.37389474843750004
0 0.2469966796875 0.436397684375 0.2415172578125 0.402360071875 0.22774310781249998 0.39689850781249997 0.151089003125 0.42746361093749996 0.1565684234375 0.461501221875 0.17719555781250002 0.46774044375 0.2469966796875 0.436397684375
0 0.011062829687500001 0.6337890625 0.14014448125 0.584111421875 0.12459260781249999 0.532779834375 0.011067771875 0.578096584375 0.011062829687500001 0.6337890625
0 0.1953142109375 0.55417145 0.462215440625 0.45163074375 0.4408041921875 0.4004696484375 0.18373677187499998 0.506632453125 0.1953142109375 0.55417145
0 0.0492928015625 0.36105442499999996 0.006630879687500001 0.3798828125 0.0087154296875 0.443330959375 0.08530135 0.40885960781249997 0.0748197953125 0.3681281328125 0.0492928015625 0.36105442499999996
0 0.00670400625 0.328096584375 0.038743062499999995 0.3164167 0.0185981578125 0.2818287515625 0.005028559375 0.2880859375 0.00670400625 0.328096584375
0 0.314119365625 0.083680615625 0.0551329125 0.1918533765625 0.064757228125 0.239449203125 0.33165845625 0.136908496875 0.3362173953125 0.11821173437500002 0.314119365625 0.083680615625
0 0.034953915625 0.155312303125 0.1251776203125 0.1184900140625 0.0990710640625 0.07821318125 0.01950431875 0.109840090625 0.034953915625 0.155312303125
0 0.1038917 0 0.0016924921874999998 0.040987209375 0.001585275 0.0908203125 0.2490051421875 0 0.1038917 0
0 0.3723672546875 0.1181369390625 0.46259095781250004 0.08131465156249999 0.4344290015625 0.0352352734375 0.3548963484375 0.0688153078125 0.3723672546875 0.1181369390625
0 0.5436877890625 0 0.35582177187499997 0.06585720625 0.3693864296875 0.11529249687500001 0.6653990109375 0 0.5436877890625 0
0 0.71260345 0 0.6520831171875 0.022062775 0.65759663125 0.0580535125 0.7479567031250001 0.029043723437500002 0.7339176421875 0 0.71260345 0
0 0.695485178125 0.1575880921875 0.7857088812499999 0.1207658046875 0.763338115625 0.0706096859375 0.6780483625 0.1102195859375 0.695485178125 0.1575880921875
0 0.6129035140625 0.18441743593749998 0.7809112984375 0.1257906921875 0.763338115625 0.0706096859375 0.6054709671875 0.150436653125 0.6129035140625 0.18441743593749998
0 0.584877925 0.1461505578125 0.415053384375 0.21264663125 0.4266308234375 0.260185628125 0.6043019578125 0.19541535937500001 0.608860896875 0.176718596875 0.584877925 0.1461505578125
0 0.9518599484375001 0 0.80695955625 0.0507763203125 0.8205242125 0.1002116109375 1 0.037401528125 1 0.036121425 0.99457790625 0 0.9518599484375001 0