0 0.078125 0.6172147421874999 0.087890625 0.6736458046875 0.099609375 0.6759970984375 0.130859375 0.6571867453125 0.1181640625 0.60193133125 0.0830078125 0.6089852125 0.078125 0.6172147421874999
0 0.162109375 0.6266199203125 0.177734375 0.6289712140625 0.208984375 0.6219173328125 0.2060546875 0.5878235640625 0.158203125 0.6007556828125 0.162109375 0.6266199203125
0 0.166015625 0.65483545 0.1708984375 0.665416275 0.177734375 0.6642406281250001 0.212890625 0.65483545 0.2080078125 0.6230929781250001 0.1640624984375 0.6313225078125 0.166015625 0.65483545
0 0.068359375 0.7465359265625 0.076171875 0.70891521875 0.0400390625 0.7006856890625001 0.041015625 0.7441846328125 0.068359375 0.7465359265625
0 0 0.751238515625 0.017578125 0.751238515625 0.039062498437499996 0.7465359265625 0.0322265625 0.6748214531250001 0 0.6783483953125 0 0.751238515625
0 0.068359375 0.6877535703125 0.0625 0.6219173328125 0.0380859375 0.6230929781250001 0.04296875 0.6830509828125 0.068359375 0.6877535703125
0 0.173828125 0.6901048640624999 0.17578125 0.7253742796875 0.1845703125 0.74536028125 0.1953124984375 0.7441846328125 0.220703125 0.7277255734375 0.21875 0.6901048640624999 0.2099609375 0.6795240406249999 0.173828125 0.6901048640624999
0 0.22265625 0.7112665125000001 0.24609375 0.723022984375 0.263671875 0.706563925 0.26171875 0.6759970984375 0.2236328125 0.672470159375 0.22265625 0.7112665125000001
0 0.16015625 0.777102753125 0.171875 0.7465359265625 0.1455078125 0.7289012203125 0.130859375 0.76064369375 0.16015625 0.777102753125
0 0.10546875 0.79121051875 0.12109375 0.7582923984375001 0.0947265625 0.7430089875 0.078125 0.774751459375 0.10546875 0.79121051875
0 0.123046875 0.7959131078125 0.1337890625 0.8158991078125 0.142578125 0.8170747546875001 0.158203125 0.7959131078125 0.158203125 0.781805340625 0.1318359375 0.7665219296875 0.123046875 0.7959131078125
0 0.125 0.88291099375 0.14453125 0.8876135843749999 0.154296875 0.87820840625 0.15625 0.831182521875 0.1298828125 0.818250403125 0.125 0.88291099375
0 0.193359375 0.901721346875 0.1884765625 0.8840866421875001 0.158203125 0.8805597000000001 0.1611328125 0.9005457015625 0.193359375 0.901721346875
0 0.201171875 0.9605037062499999 0.197265625 0.9064239374999999 0.1591796875 0.9028969953124999 0.154296875 0.948747234375 0.201171875 0.9605037062499999
0 0.1572265625 0.9969487656249999 0.203125 0.9981244140625 0.2041015625 0.9687332359375 0.154296875 0.962855 0.150390625 0.9910705296875 0.1572265625 0.9969487656249999
0 0.08593750156249999 0.9981244140625 0.091796875 0.9675575875 0.0732421875 0.9569767640625001 0.0625 0.9981244140625 0.08593750156249999 0.9981244140625
0 0.228515625 0.9510985281250001 0.2490234375 0.9993000593750001 0.30078125 0.9981244140625 0.3046875015625 0.9793140593749999 0.2783203125 0.931112528125 0.2646484375 0.9264099375000001 0.228515625 0.9510985281250001
0 0.373046875 0.4878935578125 0.388671875 0.4902448546875 0.421875 0.4808396765625 0.4150390625 0.444394615625 0.373046875 0.44321896718750003 0.373046875 0.4878935578125