0 0.9330129140625001 0.4042421359375 0.9216053125 0.3475837765625 0.909818146875 0.3449597265625 0.879115471875 0.3630427265625 0.893418553125 0.418593628125 0.9283695562500001 0.4123580171875 0.9330129140625001 0.4042421359375
0 0.8330614593749999 0.39016723125 0.8020167078125 0.3964937609375 0.8059384218750001 0.43065571875 0.8534136984374999 0.41883735624999996 0.848754875 0.39288219999999996 0.8330614593749999 0.39016723125
0 0.8440276375 0.3645757515625 0.8388369546875 0.353881278125 0.8320352249999999 0.3548978171875 0.7971526375 0.3634847234375 0.8029590625 0.3953408453125 0.8466649203125 0.388134153125 0.8440276375 0.3645757515625
0 0.9686700937499999 0.32165765 0.9664278421875 0.2781359765625 0.9390156765625 0.27514825 0.9322978265625 0.3125871203125 0.9686700937499999 0.32165765
0 1 0.27186827187499996 0.9896600953125001 0.2716276078125 0.9683125531250001 0.2758301421875 0.9772351671875 0.3477037234375 1 0.3457358828125 1 0.27186827187499996
0 0.9728809375 0.3992958203125 0.966253525 0.3392241671875 0.9407260687500001 0.33393060625 0.9485010828125 0.399903221875 0.9728809375 0.3992958203125
0 0.7993639609375001 0.3388643234375 0.8351889031249999 0.3291245 0.8322095421875 0.293809625 0.822838946875 0.27361905468750003 0.81213096875 0.27454467656250003 0.7872192515624999 0.29041276250000003 0.7902670281249999 0.32807893125 0.7993639609375001 0.3388643234375
0 0.7619654578125 0.294524378125 0.7448662421875001 0.310574303125 0.747708771875 0.3411865890625 0.7858973328125 0.3455999875 0.7857450359375 0.3068263640625 0.7619654578125 0.294524378125
0 0.8623803562499999 0.29098730625 0.8761051828124999 0.259585778125 0.846329396875 0.24244482656250002 0.8355000515625 0.272738896875 0.8623803562499999 0.29098730625
0 0.9127511125 0.2780614859375 0.9284290625 0.24670541875000002 0.9006064031250001 0.2296099265625 0.8859392234374999 0.262164371875 0.9127511125 0.2780614859375
0 0.882891446875 0.22449820312500002 0.8715677265625 0.204262175 0.86274445625 0.20288196093750002 0.847735196875 0.22367993125000002 0.8481456906249999 0.23778769843749997 0.87495758125 0.2536848125 0.882891446875 0.22449820312500002
0 0.8587388609375 0.132297671875 0.8492468984375 0.141475553125 0.8486620874999999 0.18845597812499998 0.8754055609375 0.2020017984375 0.8784069421874999 0.1374548578125 0.8587388609375 0.132297671875
0 0.8452722328125001 0.13903333906249998 0.8417610124999999 0.11897914843749999 0.8095002421874999 0.11705342187500001 0.814896171875 0.13480177499999998 0.8452722328125001 0.13903333906249998
0 0.843645721875 0.1166733140625 0.847194428125 0.070936725 0.79997735 0.058089225 0.8054571609375 0.1122599125 0.843645721875 0.1166733140625
0 0.7969295734374999 0.0204230578125 0.7968082078125 0.04979150625 0.8467839343750001 0.056828959375 0.8498691953125 0.0287043484375 0.84286221875 0.022667003124999998 0.7969295734374999 0.0204230578125
0 0.9280096609375 0.0645937640625 0.9375545734375 0.023696140625 0.914117071875 0.023150626562500002 0.909147103125 0.053581075 0.9280096609375 0.0645937640625
0 0.7729072625 0.0668579703125 0.750996928125 0.018179114062499998 0.6992733234374999 0.018150082812500003 0.6959143984375 0.036869518750000004 0.7236841078125 0.085684753125 0.7374928140625 0.090705559375 0.7729072625 0.0668579703125
0 0.6261604843749999 0.523983965625 0.593231021875 0.5326163328125 0.601127403125 0.5692205015625 0.6431537984375 0.571373528125 0.6418539 0.5266989375 0.6261604843749999 0.523983965625