0 0.00390625 0.2392578125 0.1376953125 0.189453125 0.126953125 0.1455078125 0.0009765625 0.1796875 0.00390625 0.2392578125
0 0.091796875 0.1279296875 0.11328125 0.1181640625 0.0966796875 0.07421875 0.06640625 0.0849609375 0.091796875 0.1279296875
0 0.0078125 0.0693359375 0.083984375 0.0400390625 0.0712890625 0 0 0.0126953125 0.0078125 0.0693359375
0 0.4814453125 0.00390625 0.3876953125 0.041015625 0.3857421875 0.05859375 0.3623046875 0.046875 0.2314453125 0.09375 0.21875 0.1142578125 0.2421875 0.1376953125 0.4873046875 0.046875 0.50390625 0.0380859375 0.501953125 0.0185546875 0.4814453125 0.00390625
0 0.60546875 0.0068359375 0.4970703125 0 0.5234375 0.0478515625 0.60546875 0.0068359375
0 0.5859375 0.2275390625 0.669921875 0.1943359375 0.6513671875 0.138671875 0.560546875 0.1728515625 0.5859375 0.2275390625
0 0.46875 0.1513671875 0.48046875 0.1513671875 0.541015625 0.1298828125 0.5263671875 0.09765625 0.46875 0.1201171875 0.46875 0.1513671875
0 0.3837890625 0.162109375 0.3642578125 0.15625 0.2958984375 0.181640625 0.287109375 0.1943359375 0.3046875 0.2177734375 0.4482421875 0.1640625 0.44140625 0.1318359375 0.3955078125 0.14453125 0.3837890625 0.162109375
0 0.451171875 0.3076171875 0.470703125 0.2978515625 0.4482421875 0.234375 0.42578125 0.2666015625 0.451171875 0.3076171875
0 0.392578125 0.3857421875 0.421875 0.3740234375 0.4111328125 0.34765625 0.37890625 0.3603515625 0.392578125 0.3857421875
0 0.466796875 0.3388671875 0.484375 0.3291015625 0.4794921875 0.3125 0.44921875 0.3212890625 0.466796875 0.3388671875
0 0.89453125 0.3291015625 0.92578125 0.3154296875 0.9208984375 0.294921875 0.880859375 0.3056640625 0.89453125 0.3291015625
0 1 0.3212890625 0.9990234375 0.27734375 0.880859375 0.3076171875 0.90234375 0.3935546875 0.919921875 0.4033203125 0.927734375 0.3720703125 0.9677734375 0.37109375 0.962890625 0.3466796875 1 0.3212890625
0 0.734375 0.2353515625 0.802734375 0.2060546875 0.7626953125 0.099609375 0.69140625 0.1240234375 0.734375 0.2353515625
0 0.0078125 0.6298828125 0.0703125 0.6083984375 0.0595703125 0.568359375 0 0.6005859375 0.0078125 0.6298828125