0 0.8641121203125 0.1368960421875 0.8203865 0.0105217625 0.7610381859375 0.012758287500000002 0.8209808015625001 0.1471268796875 0.8641121203125 0.1368960421875
0 0.9331071984375001 0.107452128125 0.9200710265625001 0.07705369375 0.8790262640625001 0.10194433124999999 0.8904198765625001 0.123542340625 0.9331071984375001 0.107452128125
0 1 0.061601528125000006 0.9873046875 0.0114883296875 0.9312560578125 0.01864175625 0.9663248921875001 0.09515453125 1 0.08461569375 1 0.061601528125000006
0 1 0.42364464062499996 0.9883621687499999 0.39885410625 0.9706360453125 0.396696440625 0.9805788078125 0.3733953015625 0.9237878765625 0.2419904859375 0.902318071875 0.22905654375 0.880656559375 0.25222132343750003 0.990050740625 0.49839530156249995 1 0.5149365421875001 1 0.42364464062499996
0 0.9106857796875 0.661389646875 0.8696241390624999 0.57017161875 0.8168606265625 0.594925896875 0.8564277062500001 0.679296625 0.9106857796875 0.661389646875
0 0.8850405578125 0.4903434875 0.9111129 0.5511403546875 0.9422294703125 0.5368669078125 0.9154025640624999 0.4789883640625 0.8841525640624999 0.4786247375 0.8850405578125 0.4903434875
0 0.901611828125 0.451508253125 0.8854385406249999 0.4054620921875 0.866972421875 0.393538803125 0.8713518062500001 0.3740757328125 0.8407812171875 0.3054209109375 0.8274199093749999 0.296484125 0.8053144 0.3137895296875 0.8699032624999999 0.4579692015625 0.901611828125 0.451508253125
0 0.7995907625 0.457151040625 0.7656622109375 0.4343151140625 0.7265705734375 0.459228478125 0.7378161875 0.4788733625 0.7995907625 0.457151040625
0 0.68349753125 0.41872351874999997 0.6683602359374999 0.3863492328125 0.6440056046875 0.39972566249999997 0.6579443390625 0.42915889687500003 0.68349753125 0.41872351874999997
0 0.7238337453125 0.487491975 0.7127506984374999 0.45711626718750004 0.6965045640625 0.47448985156249995 0.7076021796874999 0.49218160937500005 0.7238337453125 0.487491975
0 0.7748596359375 0.9291027640625 0.7610834703125 0.8889387046874999 0.7386819625000001 0.902337859375 0.7547218203125 0.9337469468749999 0.7748596359375 0.9291027640625
0 0.7958977218750001 1 0.7591303453125 0.8889159781249999 0.6748208328125 0.9094003796875001 0.6663871984374999 0.9268648718750001 0.6982291953125 0.9350409984375 0.7022397359375 0.9750914249999999 0.7262838015625 0.9704926953124999 0.7485318109375 1 0.7958977218750001 1
0 0.9581842203125 0.77317230625 0.9283681953125 0.701599159375 0.820296046875 0.743272490625 0.8547728859375001 0.811972765625 0.9581842203125 0.77317230625
0 0.43615459375 0.06459290625 0.3994140625 0.004647603125 0.3707091828125 0.012119203125 0.396929525 0.074869196875 0.43615459375 0.06459290625