0 0.163644559375 0.3113486984375 0.1239274421875 0.284530075 0.10082372656250001 0.2959752265625 0.0508327078125 0.277822546875 0.0121386578125 0.280300796875 0.010674025 0.3056640625 0.04555214375 0.3285217171875 0.0716209953125 0.33468205 0.11987456406250001 0.3703854953125 0.1554850015625 0.3805615171875 0.1737497171875 0.3651553953125 0.17206253437500002 0.350493278125 0.15277475000000001 0.336602525 0.163644559375 0.3113486984375
0 0.31734035 0.034929890625 0.3263363015625 0.023320579687500002 0.3256542546875 0.0037893296875 0.24571025156249998 0.002859096875 0.2311429859375 0.023189071875 0.246937934375 0.038015346875 0.289329434375 0.0404609484375 0.31734035 0.034929890625
0 0.35051335625 0.008959420312499999 0.3389614984375 0.014681996875 0.33923431718749997 0.022494496875 0.36664932656250004 0.033551321875 0.4609057109375 0.040505087499999995 0.5177460015625 0.0528804734375 0.5575815937499999 0.0494393390625 0.5443246203125 0.006333790625 0.33862047500000003 0.0049163718750000005 0.35051335625 0.008959420312499999
0 0.649264134375 0.0163403640625 0.6125982921875 0.04324635625 0.657836453125 0.0935572015625 0.6800032390624999 0.08893430625 0.668587790625 0.09856313125 0.6712801093749999 0.1083561171875 0.6894945546875 0.1251628796875 0.7036023203124999 0.12532703750000002 0.787480728125 0.07066160625 0.765432421875 0.0450247421875 0.7917561562500001 0.0248315671875 0.7888592234375 0.0091792078125 0.661889334375 0.0077017796875 0.6503374765625 0.01342435625 0.64307898125 0.0074829015625 0.63972255 0.012324675 0.649264134375 0.0163403640625
0 0.8180331515624999 0.17156218125 0.9172649421875001 0.1863831671875 0.9228362578124999 0.1776625046875 0.917451621875 0.158076534375 0.9477456296875 0.15061971093749998 0.9595165015625 0.0502116109375 0.9574882984374999 0.025783870312500002 0.9134778203125 0.0106292765625 0.8006156953125 0.0093160078125 0.7921833171875 0.070716325 0.7729313984374999 0.1251575875 0.776919603125 0.17205994687499998 0.8180331515624999 0.17156218125
0 0.86053225625 0.379003828125 0.8464424234375001 0.4130056765625 0.8372095234374999 0.485134503125 0.9659348 0.5032271749999999 0.9860375109374999 0.40584452187500003 0.9809938984375 0.3960241765625 0.9431003734375001 0.3877739203125 0.86053225625 0.379003828125
0 0.7622767953125 0.5604035046875 0.74193713125 0.7183056718749999 0.7481222875 0.727163134375 0.878857834375 0.7355175390625 0.8838655796875001 0.67700586875 0.83421558125 0.6686188140625 0.8431935968750001 0.6228434953125 0.8903558921875 0.6272969421875 0.8983467062500001 0.6205567624999999 0.9004754515625001 0.5805587375 0.8928759312500001 0.5648516625 0.7750384 0.555671171875 0.7622767953125 0.5604035046875
0 1 0.7433862390625 0.91405904375 0.7339748109374999 0.9105159359374999 0.7671232171875 0.8919101953125 0.7727637140625 0.8965625125000001 0.8050313156250001 1 0.8171257125 1 0.7433862390625
0 1 0.5958646 0.9948000406249999 0.5894656312500001 0.94279875 0.5810512140624999 0.9259842624999999 0.6716389703125001 0.939155096875 0.6786253859375 0.9953815453124999 0.673422646875 1 0.6597160328125 1 0.5958646
0 0.35793325781249996 0.32239494375 0.3010929671875 0.3100195578125 0.286493365625 0.396728421875 0.335070025 0.4080314859375 0.3411008390625 0.378816690625 0.3740189578125 0.3791997265625 0.43079104218750003 0.3896219875 0.4295310234375 0.4208446265625 0.48153231406249997 0.42925904218750005 0.4929118953125 0.3512982015625 0.49129291875 0.338589209375 0.4734877 0.3335011984375 0.35793325781249996 0.32239494375
0 0.42215405156249997 0.4451629296875 0.41920684843749995 0.461723453125 0.3152724671875 0.44684774843749997 0.30728165625 0.45358792656249997 0.3063626578125 0.49457619062499997 0.3689788765625 0.5040902875 0.38584716406249997 0.5160005562500001 0.4258873703125 0.5184187984374999 0.43703000000000003 0.500977471875 0.46981171093749996 0.4974542609375 0.476251753125 0.4799582125 0.4766430453125 0.45751095625 0.44203774375 0.4424658015625 0.42215405156249997 0.4451629296875
0 0.1851113640625 0.253028546875 0.1849246859375 0.2813351796875 0.2462629484375 0.28790590781250003 0.2504881046875 0.274288753125 0.251220421875 0.2616071203125 0.24282038125 0.2566285484375 0.1851113640625 0.253028546875
0 0.18514723125000002 0.3213605609375 0.2358705703125 0.326831609375 0.24438908750000002 0.3015504234375 0.2416285640625 0.2898043140625 0.18976368125 0.2852961484375 0.18514723125000002 0.3213605609375
0 0.1859154171875 0.37701094375 0.22004328593750003 0.3783842234375 0.22452332656250001 0.3384135625 0.2218310109375 0.3286205765625 0.18777134374999999 0.329200421875 0.1859154171875 0.37701094375
0 0.1600009109375 0.40892286875000006 0.21549504062499997 0.41640175937499996 0.22414996718750002 0.3950268265625 0.21903815 0.38325335625 0.16945635781249999 0.376819425 0.1600009109375 0.40892286875000006
0 0.23196116249999998 0.686015090625 0.195823021875 0.6943800765625 0.19623225 0.7060988265625 0.209334878125 0.7111321187499999 0.3203231421875 0.726089903125 0.3271042078125 0.7183594828125 0.3279729328125 0.7095841 0.30519230468749997 0.69662886875 0.23196116249999998 0.686015090625
0 0.20113945156250002 0.712012921875 0.20296304375 0.7305812890625 0.31160001249999997 0.745511715625 0.32322007343750003 0.7417422625000001 0.32395239062500003 0.7290606296875 0.3155523484375 0.7240820578125 0.20113945156250002 0.712012921875
0 0.214159475 0.8156379859375 0.30983022031249996 0.8294413687500001 0.313782559375 0.808011715625 0.30638765156250003 0.798164009375 0.21904874375 0.787386071875 0.214159475 0.8156379859375