0 0.328125 0.034093765625 0.3056640625 0 0.2802734375 0.00235129375 0.27734375 0.04114765 0.294921875 0.090524828125 0.283203125 0.114037771875 0.3095703125 0.1528341265625 0.3349609375 0.14107765625 0.3486328125 0.1598880078125 0.36328125 0.16106365625000002 0.37890625 0.142253303125 0.369140625 0.1069838890625 0.333984375 0.0599580046875 0.328125 0.034093765625
0 0 0.3256542546875 0.01953125 0.3256542546875 0.03125 0.3162490765625 0.037109375 0.288033546875 0.03515625 0.24571025156249998 0.0205078125 0.23042683749999998 0 0.24571025156249998 0 0.3256542546875
0 0.0185546875 0.3385863734375 0.0107421875 0.3385863734375 0.0048828125 0.35034284531250004 0.0009765625 0.3385863734375 0 0.5443246203125 0.04296875 0.5560810921875 0.046875 0.516109090625 0.03515625 0.459678028125 0.029296875 0.3656262578125 0.0185546875 0.3385863734375
0 0 0.7888592234375 0.015625 0.79121051875 0.0361328125 0.7641706359375 0.0615234375 0.7853322828125 0.11718750156249999 0.6995100421875 0.11718750156249999 0.6854022765625001 0.1005859375 0.6677675703125 0.0908203125 0.665416275 0.0810546875 0.677172746875 0.08593750156249999 0.65483545 0.0361328125 0.61133650625 0.0087890625 0.6489572140625001 0.0048828125 0.6395520390625 0 0.64307898125 0.005859375 0.6501328625 0 0.661889334375 0 0.7888592234375
0 0 0.9134778203125 0.0146484375 0.9569767640625001 0.039062498437499996 0.958152409375 0.1396484375 0.9428689984374999 0.1474609375 0.912302171875 0.1669921875 0.9170047625000001 0.17578125 0.911126525 0.162109375 0.8123721671874999 0.1630859375 0.7712245171875 0.1162109375 0.7688732234375 0.0615234375 0.790034871875 0 0.8006156953125 0 0.9134778203125
0 0.369140625 0.8476415812500001 0.376953125 0.9299368796874999 0.384765625 0.9675575875 0.39453125 0.9722601765625001 0.4921875015625 0.948747234375 0.4755859375 0.820601696875 0.4033203125 0.8323581671875001 0.369140625 0.8476415812500001
0 0.6591796875 0.8111965187499999 0.6669921875 0.8605737 0.7255859375 0.8535198156250001 0.71875 0.723022984375 0.7099609375 0.7171447484375 0.5517578125 0.7430089875 0.546875 0.7559411046875 0.5546875015625 0.8735058171875 0.5703124984375 0.8805597000000001 0.6103515625 0.877032759375 0.6171875015625 0.8688032296875001 0.61328125 0.82177734375 0.6591796875 0.8111965187499999
0 0.7236328125 0.8887892296875 0.734375 0.9981244140625 0.80859375 0.9981244140625 0.794921875 0.8688032296875001 0.7626953125 0.8652762875000001 0.7568359375 0.8840866421875001 0.7236328125 0.8887892296875
0 0.5703124984375 0.9228829984375 0.578125 0.9746114703125001 0.6005859375 0.992246178125 0.611328125 0.9910705296875 0.662109375 0.9722601765625001 0.66796875 0.9158291140625 0.6611328125 0.9028969953124999 0.5703124984375 0.9228829984375
0 0.375 0.36092366875000004 0.375 0.32800555 0.404296875 0.3209516671875 0.3935546875 0.2727501328125 0.306640625 0.290384840625 0.318359375 0.346815903125 0.328125 0.46202932187499995 0.3330078125 0.4796640296875 0.345703125 0.4808396765625 0.423828125 0.466731909375 0.416015625 0.41500343749999996 0.384765625 0.41735473125 0.375 0.36092366875000004
0 0.51171875 0.3679775515625 0.5 0.3515184921875 0.4912109375 0.28920919375 0.4501953125 0.2915604890625 0.443359375 0.2997900171875 0.45703125 0.403246965625 0.4404296875 0.4067739078125 0.4375 0.42675990781250006 0.4521484375 0.4608536734375 0.474609375 0.459678028125 0.4921875015625 0.45262414531250006 0.49609375 0.419706025 0.513671875 0.40794955312500003 0.51171875 0.3679775515625
0 0.25390625 0.23395377968750003 0.2587890625 0.24218330937500002 0.271484375 0.24100766093749998 0.28515625 0.23630507343749999 0.279296875 0.1751714234375 0.2509765625 0.17634706875 0.25390625 0.23395377968750003
0 0.287109375 0.23160248437500003 0.298828125 0.23395377968750003 0.32421875 0.2245486015625 0.3193359375 0.17399577500000002 0.283203125 0.1798740109375 0.287109375 0.23160248437500003
0 0.326171875 0.21044083750000003 0.3359375015625 0.21279213125 0.3759765625 0.20691389531249998 0.375 0.172820128125 0.3271484375 0.17634706875 0.326171875 0.21044083750000003
0 0.380859375 0.20573824687500003 0.392578125 0.21044083750000003 0.4140624984375 0.201035659375 0.4072265625 0.1457802453125 0.375 0.15636106875 0.380859375 0.20573824687500003
0 0.6923828125 0.17164448125 0.68359375 0.20808954218750003 0.693359375 0.2809796625 0.7060546875 0.303316959375 0.71484375 0.3021413140625 0.72265625 0.2950874296875 0.708984375 0.18457659843750002 0.7041015625 0.17164448125 0.6923828125 0.17164448125
0 0.720703125 0.290384840625 0.7255859375 0.298614371875 0.73828125 0.2974387234375 0.7421875015625 0.285682253125 0.728515625 0.17752271718749998 0.7099609375 0.17634706875 0.720703125 0.290384840625
0 0.794921875 0.27862836875 0.8046875015625 0.285682253125 0.826171875 0.2809796625 0.8134765625 0.185752246875 0.78515625 0.1916304828125 0.794921875 0.27862836875