0 0.5022049765625 0.4736390765625 0.5121692203125 0.52758873125 0.5385932859375 0.52948605625 0.537910746875 0.51776730625 0.5265621609375 0.47351507187499997 0.5022049765625 0.4736390765625
0 0.5021857140625 0.506773996875 0.48876061406250004 0.47706789374999997 0.426829396875 0.484650971875 0.4432410625 0.51543594375 0.4197842984375 0.5477524078125 0.4999858125 0.5359344625 0.5021857140625 0.506773996875
0 0.39238458125000003 0.44543965781250006 0.404889996875 0.4760882203125 0.4195953125 0.4775763171875 0.41765181875 0.46094065312500004 0.40411296406249997 0.429281425 0.39238458125000003 0.44543965781250006
0 0.400908515625 0.4077288453125 0.37374594375000003 0.29275488437499997 0.33962313437499997 0.292537865625 0.36528760781249997 0.415256121875 0.400908515625 0.4077288453125
0 0.46786428593749996 0.4529483484375 0.4261390484375 0.288737034375 0.4071862140625 0.281253153125 0.3898259703125 0.301113021875 0.432357134375 0.46242875000000006 0.4687743390625 0.4685733484375 0.46786428593749996 0.4529483484375
0 0.5099229828125 0.43882385 0.466472134375 0.27845058125 0.44958618125000005 0.27298802968749997 0.4319984234375 0.2889416484375 0.479232134375 0.4640656609375 0.50922118125 0.4602400203125 0.5099229828125 0.43882385
0 0.3983499046875 0.26340220937500003 0.4639598578125 0.2520492921875 0.46500293125000003 0.236492496875 0.44607899062499995 0.17930623437499998 0.41896275312500003 0.18225762031249998 0.4107897203125 0.209260346875 0.38482068125 0.215175521875 0.3983499046875 0.26340220937500003
0 0.364805509375 0.25638335625 0.352660628125 0.198459246875 0.31279219999999996 0.199990740625 0.327572746875 0.269701803125 0.364805509375 0.25638335625
0 0.3147067984375 0.2663287859375 0.29957535156250004 0.20732580781249998 0.2521219375 0.21249073125 0.2708087328125 0.2823382046875 0.3147067984375 0.2663287859375
0 0.0991534375 0.096047259375 0.14080344375 0.1920356078125 0.1713709046875 0.18140813125 0.1723002203125 0.1638982109375 0.1364999578125 0.0846819375 0.0991534375 0.096047259375
0 0.0942697140625 0.196258071875 0.05640256875000001 0.11502046875000001 0.00745105625 0.1279296875 0.0471479375 0.22384983125 0.0942697140625 0.196258071875
0 1 0.3650384828125 0.92276305625 0.382096475 0.9683945421875 0.5464441984375 1 0.543004196875 1 0.3650384828125
0 1 0.1251788703125 0.9565097140625 0.041198665625000006 0.8355200890625 0.055490564062500004 0.9110732 0.3319848671875 1 0.3111073171875 1 0.1251788703125
0 0.8959032265625 0.3392517296875 0.8813405624999999 0.290014378125 0.8437665296875 0.29747345 0.8617707859375001 0.355602171875 0.8959032265625 0.3392517296875
0 0.7508517875 0.39260471875 0.856125646875 0.7773965625 0.9636709109374999 0.7665334828125 0.9665533515625 0.749091765625 0.85978034375 0.38136793281250003 0.7508517875 0.39260471875
0 0.5406445484375 0.1631170109375 0.5626495484375 0.2564701875 0.6025179765625001 0.2549386953125 0.6037885625 0.24328815 0.5806267328125 0.16353864375 0.5406445484375 0.1631170109375
0 0.37692980625 1 0.37678300937500003 0.99747958125 0.3584085875 0.9831938656249999 0.3379744546875 1 0.37692980625 1