0 0.13131109531250001 0.325945959375 0.09911189687500001 0.3225168125 0.0832679890625 0.3308293828125 0.010728729687499999 0.33753255000000004 0.0072244078125 0.362016275 0.0141065515625 0.40253458125 0.0316299484375 0.4061150578125 0.1346341890625 0.3932992859375 0.13813851093750001 0.3688155609375 0.13131109531250001 0.325945959375
0 0.21197417187499998 0.3904644984375 0.243352465625 0.42916306249999997 0.2598719375 0.4338508984375 0.2820677640625 0.40478640625000006 0.28434925 0.390815215625 0.2635215984375 0.361097353125 0.253827746875 0.2732800078125 0.2644690046875 0.2363421796875 0.293637584375 0.2018774703125 0.31846209999999997 0.1859499578125 0.30504501875 0.1320215203125 0.2578416578125 0.1428514671875 0.24880632343750003 0.15281769843749998 0.1934997796875 0.259640984375 0.21197417187499998 0.3904644984375
0 0.47820116874999996 0.38317457187500004 0.500670628125 0.3423536109375 0.5035541125 0.3025181828125 0.4747668265625 0.194524728125 0.38745935781249996 0.12129864374999999 0.3326624046875 0.12217710781249999 0.3292128109375 0.1443095421875 0.3391067296875 0.1815057671875 0.3993252421875 0.199847384375 0.43064880937499994 0.24089724218750003 0.4465303984375 0.3150165453125 0.4377328109375 0.3567935375 0.47820116874999996 0.38317457187500004
0 0.62722361875 0.452473265625 0.6220209671875 0.4238480078125 0.6307090984375 0.38677360312500003 0.680960125 0.3290543453125 0.6616836703125 0.2747161796875 0.6072886453125 0.3003515234375 0.5615288171875 0.41726286406249996 0.5718793953125 0.476864675 0.5853323625 0.4872258828125 0.622824825 0.4733617625 0.62722361875 0.452473265625
0 0.8298183953124999 0.40540692343750007 0.8693734375 0.386976790625 0.848362765625 0.32309687187499997 0.7636839859375 0.26300776875 0.726684065625 0.255710240625 0.6922033796875 0.26625228125 0.7055657328125 0.3225320140625 0.7428392890625 0.318073071875 0.750378153125 0.3303758484375 0.7985495546875 0.362005771875 0.8070376187500001 0.3755524828125 0.8047561328124999 0.38952367187500003 0.8298183953124999 0.40540692343750007
0 0.9884252437500001 0.5672255484375001 0.7701695796875 0.6567665171875 0.7667199859375 0.6788989484375 0.785485059375 0.713182825 0.985998415625 0.6294665578124999 0.9884252437500001 0.5672255484375001
0 0.6118417484374999 0.8611887390625 0.6602679453125 0.8398462578125001 0.6981246578125 0.7683071406249999 0.7126174375 0.7339937578125 0.7135477953125 0.69402175625 0.70359915 0.6591768203124999 0.6553918609375 0.6711141281249999 0.6563051734375 0.71592529375 0.6396403609375 0.7595072765624999 0.6163858828125 0.7920304234375 0.5857567203125 0.8051969109374999 0.6002324531250001 0.855666696875 0.6118417484374999 0.8611887390625
0 0.57261506875 0.8655111062499999 0.5679596874999999 0.8133729078125 0.5280027140625 0.8070461609375 0.49540158593749994 0.7788601359375 0.467874815625 0.74278601875 0.45982456718750003 0.7104289546875 0.40681655625 0.7184978796875 0.405374815625 0.7384155921875 0.42375679843749997 0.7891585296875 0.4571429453125 0.8256423734375 0.51960705625 0.87358003125 0.57261506875 0.8655111062499999
0 0.166182046875 0.8029412859375 0.16110769062500002 0.810829375 0.17178662656250002 0.8563234203125001 0.1784310203125 0.865030965625 0.193106821875 0.8648796375 0.357424115625 0.8233795953125 0.3557257859375 0.7702706109374999 0.3313938140625 0.765036471875 0.166182046875 0.8029412859375
0 0 0.8639398234375 0.05624273125 0.9035891515625 0.086269896875 0.9162869 0.13347325937500001 0.9054569546875 0.1287631515625 0.855670046875 0.1220640296875 0.849313796875 0.0848452015625 0.8514214453125 0.027181809374999998 0.8073521687499999 0.0066825203125 0.7635265359375001 0 0.7645169015625 0 0.8639398234375
0 0 0.6768483890625 0.018454203125 0.6359955921875 0.051474307812499995 0.604155325 0.07814249375 0.59306698125 0.0706942421875 0.5348456796875001 0.019694084375 0.5406998859375001 0 0.5678346999999999 0 0.6768483890625
0 0.14188416718750002 0.62814080625 0.2116305578125 0.6153545406250001 0.22953704375 0.6024759578125 0.27250579375 0.605480625 0.3060920078125 0.5913433546875 0.3190335921875 0.5816502734375 0.3123703578125 0.531726790625 0.2664445578125 0.52969290625 0.22103013906250002 0.5477133109375 0.122881346875 0.56204616875 0.119377025 0.5865298953125 0.1265328015625 0.6152917296875 0.14188416718750002 0.62814080625
0 0.41813158437500003 0.5685613515625 0.436092796875 0.5533314734375 0.463436546875 0.555243534375 0.524475965625 0.5383157359374999 0.52787083125 0.5185345984375 0.5208792375 0.48271888125 0.472945584375 0.4828997140625 0.335187021875 0.5180139984375 0.3300579375 0.5282533843749999 0.340736875 0.5737474312499999 0.3621665234375 0.577601059375 0.41813158437500003 0.5685613515625
0 0.04045983125 0.0687726203125 0.0384519796875 0.0709873390625 0.0345457296875 0.0707141875 0.032537878125 0.07292890468749999 0.028631628125000003 0.072655753125 0.0266237765625 0.0748704703125 0.0227175265625 0.07459731875 0.0197057484375 0.0779193984375 0.0194321125 0.08967586875 0.021330512500000003 0.0921637375 0.021221059375 0.096866328125 0.0231194546875 0.0993541984375 0.0230100015625 0.10405678593750001 0.0249084 0.1065446546875 0.0247989453125 0.11124724374999999 0.026642615624999998 0.116086409375 0.0294902140625 0.1198182125 0.0333964640625 0.120091365625 0.0352948609375 0.122579234375 0.0441112875 0.12201817968749999 0.0490214640625 0.121183971875 0.051029315625 0.118969253125 0.054935565625 0.1192424046875 0.06391617187500001 0.11162746718750001 0.0639709 0.10927617187500001 0.060174103125 0.10430043124999999 0.060338284374999995 0.09724654687499999 0.054807271874999994 0.08272905625 0.054916725 0.0780264671875 0.048327059374999995 0.06696762656250001 0.04436608125 0.069045771875 0.04045983125 0.0687726203125
0 0 0.21335588125 0.0009065828125 0.21320185937499997 0.015746565625 0.205996646875 0.0187583453125 0.20267456875 0.0191414328125 0.18621550781250001 0.013500965625 0.17640060625 0.011876201562499999 0.16215626249999998 0.006235734375 0.1523413609375 0.0027673 0.1332578546875 0 0.1282019828125 0 0.21335588125
0 0.060502465625 0.090192665625 0.0621819546875 0.1020857140625 0.06597875156250001 0.107061453125 0.06586929687500001 0.1117640421875 0.0714550375 0.1239302421875 0.07129085625 0.13098412343750002 0.0873177859375 0.1568336078125 0.09222796093749999 0.1559993984375 0.10047827812500001 0.1377353484375 0.10058773125 0.133032759375 0.11274429687500001 0.11504186093749999 0.107943575 0.11117348125 0.104037325 0.11090032968750001 0.0946000625 0.096109684375 0.08695174375 0.08850949687500001 0.0811470953125 0.0857484765625 0.06590518437500001 0.068196809375 0.056139559375 0.0675139296875 0.05307305624999999 0.0731873015625 0.060502465625 0.090192665625
0 0.060136421875 0.02186855625 0.061706459375 0.038464190625 0.0635501296875 0.0433033578125 0.0701945234375 0.0520109015625 0.0741007734375 0.05228405312499999 0.0759991703125 0.0547719234375 0.0848155984375 0.054210868749999995 0.10049532187500002 0.0529521796875 0.104675209375 0.041468859375 0.11069876406250001 0.0348247046875 0.11276134374999999 0.03025869375 0.11482392187499998 0.025692678125 0.1149333765625 0.020990090625 0.121011659375 0.0119946421875 0.1201171875 0.0083994125 0.0712890625 0.0049850171875 0.068277284375 0.0083070953125 0.0682225578125 0.010658389062499999 0.0621990015625 0.01730254375 0.060136421875 0.02186855625