0 0.1064453125 0.31507343125 0.0908203125 0.32447860781250004 0.0185546875 0.3362350796875 0.015625 0.36092366875000004 0.023437501562499997 0.400895671875 0.041015625 0.403246965625 0.1435546875 0.3832609640625 0.146484375 0.358572375 0.138671875 0.3162490765625 0.1064453125 0.31507343125
0 0.259765625 0.2551154265625 0.26953125 0.21749471874999998 0.2978515625 0.181049659375 0.322265625 0.16341495 0.3076171875 0.11051083125000001 0.2607421875 0.12461859687500002 0.251953125 0.1351994203125 0.19921875 0.24571025156249998 0.220703125 0.3750314328125 0.2529296875 0.4114764953125 0.26953125 0.41500343749999996 0.291015625 0.38443661093750003 0.29296875 0.3703288453125 0.271484375 0.34211331562499997 0.259765625 0.2551154265625
0 0.3896484375 0.0940517703125 0.3349609375 0.0987543578125 0.33203125 0.12109165468750001 0.3427734375 0.1575367140625 0.4033203125 0.17164448125 0.435546875 0.21044083750000003 0.453125 0.283330959375 0.4453124984375 0.3256542546875 0.486328125 0.349167196875 0.5078124984375 0.3068439015625 0.509765625 0.2668718984375 0.478515625 0.16106365625000002 0.3896484375 0.0940517703125
0 0.638671875 0.34211331562499997 0.6875 0.2809796625 0.6669921875 0.22807554218749998 0.61328125 0.2574667203125 0.5703124984375 0.3773827296875 0.58203125 0.4361650859375 0.595703125 0.4455702625 0.6328124984375 0.4291112015625 0.63671875 0.40794955312500003 0.630859375 0.3797340234375 0.638671875 0.34211331562499997
0 0.7314453125 0.2045626015625 0.697265625 0.21749471874999998 0.7119140625 0.2727501328125 0.7490234375 0.2656962515625 0.7568359375 0.2774527234375 0.8056640625 0.305668253125 0.814453125 0.318600371875 0.8125 0.3327081375 0.837890625 0.346815903125 0.876953125 0.3256542546875 0.8544921875 0.2633449578125 0.7685546875 0.2092651890625 0.7314453125 0.2045626015625
0 0.78125 0.6242686265625 0.80078125 0.6571867453125 0.9990234375 0.559608034375 1 0.49729873593749996 0.7841796875 0.60193133125 0.78125 0.6242686265625
0 0.728515625 0.64307898125 0.7177734375 0.6089852125 0.669921875 0.6242686265625 0.671875 0.6689432171874999 0.65625 0.71361780625 0.6337890625 0.7477115750000001 0.603515625 0.7629949875 0.619140625 0.8123721671874999 0.630859375 0.8170747546875001 0.6787109375 0.792386165625 0.71484375 0.718320396875 0.728515625 0.6830509828125 0.728515625 0.64307898125
0 0.5126953125 0.7430089875 0.484375 0.70891521875 0.4755859375 0.677172746875 0.4228515625 0.68892921875 0.421875 0.70891521875 0.44140625 0.7582923984375001 0.4755859375 0.792386165625 0.5390624984375 0.8358851093749999 0.591796875 0.8241286375 0.5859375015625 0.7724001656249999 0.5458984375 0.7688732234375 0.5126953125 0.7430089875
0 0.1845703125 0.790034871875 0.1796875015625 0.7982644015625 0.19140625 0.8429389921875 0.1982421875 0.8511685218749999 0.212890625 0.8499928750000001 0.3759765625 0.7970887531249999 0.373046875 0.7441846328125 0.3486328125 0.740657690625 0.1845703125 0.790034871875
0 0.1044921875 0.8441146390625001 0.0458984375 0.8041426375 0.0244140625 0.7618193390625 0.0029296875 0.7665219296875 0 0.8499928750000001 0.0771484375 0.8981944078125 0.107421875 0.9087752312499999 0.154296875 0.894667465625 0.1484375015625 0.8452902859375 0.1416015625 0.8394120515625 0.1044921875 0.8441146390625001
0 0 0.723022984375 0.009765625 0.723022984375 0.017578125 0.7018613375 0.015625 0.6759970984375 0.033203125 0.633673803125 0.0654296875 0.5995800359375 0.091796875 0.58664791875 0.0830078125 0.5290412078125 0.0322265625 0.5384463859374999 0 0.58664791875 0 0.723022984375
0 0.3193359375 0.5690132109375 0.33203125 0.5584323859375 0.32421875 0.5090552078125 0.2783203125 0.5102308546875001 0.2333984375 0.5313925015625001 0.1357421875 0.55255415 0.1328124984375 0.577242740625 0.140625 0.605458271875 0.15625 0.6172147421874999 0.2255859375 0.5995800359375 0.2431640625 0.5854722703124999 0.2861328125 0.5854722703124999 0.3193359375 0.5690132109375
0 0.5361328125 0.500825678125 0.5390624984375 0.4808396765625 0.53125 0.4455702625 0.4833984375 0.449097203125 0.3466796875 0.49377179375 0.341796875 0.50435261875 0.353515625 0.5490272109375 0.375 0.5513785046875 0.4306640625 0.5384463859374999 0.4482421875 0.5219873265625 0.4755859375 0.5219873265625 0.5361328125 0.500825678125
0 0.06640625 0.1069838890625 0.06640625 0.10463259375 0.0625 0.09993000625000001 0.0625 0.092876121875 0.056640625 0.0787683578125 0.056640625 0.07406576875000001 0.0498046875 0.06348494375 0.0458984375 0.065836240625 0.0419921875 0.065836240625 0.0400390625 0.068187534375 0.0361328125 0.068187534375 0.0341796875 0.070538828125 0.0302734375 0.070538828125 0.0283203125 0.072890121875 0.0244140625 0.072890121875 0.021484375 0.0764170640625 0.021484375 0.088173534375 0.023437501562499997 0.090524828125 0.023437501562499997 0.09522741875 0.025390625 0.0975787125 0.025390625 0.10228129999999999 0.02734375 0.10463259375 0.02734375 0.10933518281250001 0.029296875 0.114037771875 0.0322265625 0.1175647125 0.0361328125 0.1175647125 0.0380859375 0.11991600625000001 0.046875 0.1187403609375 0.0517578125 0.1175647125 0.0537109375 0.11521341874999999 0.0576171875 0.11521341874999999 0.06640625 0.1069838890625
0 0.017578125 0.1751714234375 0.015625 0.16106365625000002 0.009765625 0.15165848125 0.005859375 0.1328481265625 0.0009765625 0.12461859687500002 0 0.21279213125 0.0009765625 0.21396777656250002 0.005859375 0.21279213125 0.0205078125 0.2045626015625 0.023437501562499997 0.201035659375 0.023437501562499997 0.18457659843750002 0.017578125 0.1751714234375
0 0.1103515625 0.1034569484375 0.1064453125 0.1034569484375 0.0966796875 0.08934918281250001 0.0888671875 0.0822952984375 0.0830078125 0.0799440046875 0.0673828125 0.06348494375 0.0576171875 0.06348494375 0.0546875015625 0.0693631796875 0.0625 0.085822240625 0.064453125 0.0975787125 0.068359375 0.10228129999999999 0.068359375 0.1069838890625 0.07421875 0.1187403609375 0.07421875 0.1257942421875 0.0908203125 0.1504828328125 0.095703125 0.14930718437499998 0.103515625 0.13049683125 0.103515625 0.1257942421875 0.115234375 0.1069838890625 0.1103515625 0.1034569484375
0 0.0712890625 0 0.068359375 0.0035269421875 0.068359375 0.0058782359375 0.0625 0.012932118749999999 0.060546875 0.01763470625 0.0625 0.034093765625 0.064453125 0.038796356250000004 0.0712890625 0.047025884375 0.0751953125 0.047025884375 0.0771484375 0.0493771796875 0.08593750156249999 0.048201532812499996 0.10156249843750001 0.0458502375 0.10546875 0.034093765625 0.111328125 0.027039884375 0.11328125 0.022337296875000003 0.115234375 0.01763470625 0.115234375 0.012932118749999999 0.12109375 0.0035269421875 0.1201171875 0 0.0712890625 0