0 0.48828125 0.5087890625 0.5 0.5087890625 0.5439453125 0.5 0.54296875 0.4755859375 0.4892578125 0.482421875 0.48828125 0.5087890625
0 0.4658203125 0.388671875 0.48046875 0.4697265625 0.509765625 0.4736328125 0.5390625 0.4619140625 0.529296875 0.3994140625 0.4990234375 0.4140625 0.4658203125 0.388671875
0 0.5361328125 0.392578125 0.552734375 0.3916015625 0.583984375 0.3798828125 0.5673828125 0.3671875 0.537109375 0.3779296875 0.5361328125 0.392578125
0 0.60546875 0.3779296875 0.7197265625 0.357421875 0.71875 0.3232421875 0.5966796875 0.341796875 0.60546875 0.3779296875
0 0.5517578125 0.40625 0.546875 0.4423828125 0.5625 0.4423828125 0.7255859375 0.41015625 0.732421875 0.3916015625 0.7119140625 0.373046875 0.5517578125 0.40625
0 0.5517578125 0.453125 0.556640625 0.4833984375 0.578125 0.4853515625 0.7373046875 0.451171875 0.7421875 0.4345703125 0.7255859375 0.416015625 0.5517578125 0.453125
0 0.7978515625 0.373046875 0.75 0.3837890625 0.763671875 0.4501953125 0.779296875 0.4521484375 0.8359375 0.4365234375 0.83203125 0.4091796875 0.8046875 0.3994140625 0.7978515625 0.373046875
0 0.755859375 0.3505859375 0.8134765625 0.341796875 0.810546875 0.3017578125 0.7412109375 0.3125 0.755859375 0.3505859375
0 0.744140625 0.2998046875 0.802734375 0.2880859375 0.7958984375 0.240234375 0.7265625 0.2548828125 0.744140625 0.2998046875
0 0.82421875 0.1611328125 0.841796875 0.1630859375 0.919921875 0.1318359375 0.9072265625 0.09375 0.8125 0.1298828125 0.82421875 0.1611328125
0 0.806640625 0.0830078125 0.88671875 0.0498046875 0.8720703125 0 0.77734375 0.0341796875 0.806640625 0.0830078125
0 0.466796875 0.9990234375 0.4443359375 0.94921875 0.275390625 0.9853515625 0.2802734375 1 0.466796875 0.9990234375
0 0.673828125 0.9990234375 0.6494140625 0.90234375 0.486328125 0.9384765625 0.4951171875 1 0.673828125 0.9990234375
0 0.7275390625 1 0.900390625 0.9990234375 0.9921875 0.9560546875 0.9736328125 0.833984375 0.69921875 0.8935546875 0.7275390625 1
0 0.69140625 0.8779296875 0.740234375 0.8662109375 0.7314453125 0.828125 0.673828125 0.8427734375 0.69140625 0.8779296875
0 0.265625 0.9208984375 0.283203125 0.9248046875 0.647940203125 0.8392751953124999 0.63286889375 0.7294688359375 0.2509765625 0.8125 0.265625 0.9208984375
0 0.765625 0.5888671875 0.77734375 0.5908203125 0.8564453125 0.572265625 0.85546875 0.5322265625 0.7626953125 0.548828125 0.765625 0.5888671875
0 0.013671875 0.3193359375 0.02734375 0.3017578125 0.0009765625 0.26953125 0 0.3193359375 0.013671875 0.3193359375