0 0.9578691562499999 0.29850478593749996 0.817064915625 0.3301774609375 0.8170451062499999 0.366446725 0.836835475 0.3761909546875 0.97590576875 0.3297333890625 0.9713815984374999 0.3010946875 0.9578691562499999 0.29850478593749996
0 0.6533813484375 0.401956078125 0.781669678125 0.37950321875 0.7794174968750001 0.34704923593750003 0.7641113609375 0.34241523906250004 0.6545571203125 0.37554340625 0.6533813484375 0.401956078125
0 0.7146848015625 0.1793480046875 0.6279900796875 0.2086394953125 0.6410044171875 0.2533580375 0.7346147937499999 0.2234083734375 0.7146848015625 0.1793480046875
0 0.5060595515624999 0.28530361718749997 0.51999054375 0.2947749421875 0.636779303125 0.2570823515625 0.6222901359375 0.206413465625 0.5003794171875 0.24680832343749998 0.5060595515624999 0.28530361718749997
0 0.6098138421875 0.14309475 0.623904265625 0.15061295 0.70458018125 0.1230016796875 0.696468625 0.0902747921875 0.6087176249999999 0.1204973609375 0.6098138421875 0.14309475
0 0.69240294375 0.09204598124999999 0.480050684375 0.1595972671875 0.480509171875 0.19000715625 0.5123371546875 0.1963909453125 0.7005144999999999 0.12477286875 0.703802828125 0.096498040625 0.69240294375 0.09204598124999999
0 0.7619186046875 0.2011534609375 0.7737370390625 0.21248694218750003 0.9913706921875001 0.1402802640625 0.9911911296874999 0.08243565625 0.7563979015625 0.16070504218749998 0.7619186046875 0.2011534609375
0 0.8229837140624999 0.2216425703125 0.778580075 0.23721939375 0.7899601515625 0.27794071875 0.8414388781250001 0.25975259687499996 0.8229837140624999 0.2216425703125
0 0.9310033796875 0.19530485625 0.8521211578125 0.22496021875 0.8651354953125001 0.2696787625 0.9507739390625 0.24131835000000001 0.9310033796875 0.19530485625
0 0.9782371828124999 0.2171103125 0.9551584859375 0.2356409125 0.9789349812499999 0.2926240140625 0.9782371828124999 0.2171103125
0 0.9862886703125 0.16651100000000002 0.9418850296875 0.18208782343750002 0.9501560187500001 0.2128615859375 0.9873251406250001 0.2018491859375 0.9862886703125 0.16651100000000002
0 0.460857784375 0.022445071875 0.440369940625 0.0332541390625 0.4545402421875 0.087829275 0.638592159375 0.0307231828125 0.460857784375 0.022445071875