0 0.0009765625 0.716796875 0.0078125 0.7451171875 0.021484375 0.7470703125 0.1591796875 0.708984375 0.15625 0.6728515625 0.1357421875 0.6640625 0.0009765625 0.716796875
0 0.1953125 0.6904296875 0.2109375 0.6943359375 0.3173828125 0.65625 0.31640625 0.6298828125 0.1904296875 0.658203125 0.1953125 0.6904296875
0 0.2734375 0.8544921875 0.357421875 0.8212890625 0.3408203125 0.77734375 0.25 0.8115234375 0.2734375 0.8544921875
0 0.3447265625 0.7734375 0.36328125 0.8232421875 0.4814453125 0.77734375 0.47265625 0.7392578125 0.4580078125 0.73046875 0.3447265625 0.7734375
0 0.2880859375 0.91015625 0.298828125 0.9423828125 0.3837890625 0.908203125 0.380859375 0.8857421875 0.3662109375 0.87890625 0.2880859375 0.91015625
0 0.2919921875 0.908203125 0.291015625 0.9365234375 0.302734375 0.9404296875 0.5087890625 0.86328125 0.505859375 0.8330078125 0.4736328125 0.828125 0.2919921875 0.908203125
0 0.0009765625 0.90625 0.005859375 0.9638671875 0.2333984375 0.875 0.224609375 0.8349609375 0.2119140625 0.82421875 0.0009765625 0.90625
0 0.162109375 0.8173828125 0.205078125 0.7998046875 0.1904296875 0.759765625 0.140625 0.7802734375 0.162109375 0.8173828125
0 0.056640625 0.8486328125 0.1328125 0.8154296875 0.1162109375 0.771484375 0.033203125 0.8037109375 0.056640625 0.8486328125
0 0.029296875 0.8095703125 0.0009765625 0.75390625 0.0078125 0.8291015625 0.029296875 0.8095703125
0 0.00390625 0.8798828125 0.046875 0.8623046875 0.0361328125 0.83203125 0 0.8447265625 0.00390625 0.8798828125
0 0.5390625 0.9990234375 0.55859375 0.9873046875 0.5400390625 0.93359375 0.361328125 0.9990234375 0.5390625 0.9990234375