0 0.657356503125 0.24857924374999998 0.5630079 0.30282175 0.5637695359375 0.3128729859375 0.598778690625 0.38893915625000003 0.6152850484375 0.3880691578125 0.6961521859375 0.3360212453125 0.657356503125 0.24857924374999998
0 0.8668904484375 0.222101484375 0.8231384046875 0.1721697828125 0.7848591984375 0.2201921859375 0.7877643703125 0.23280169062499997 0.803149928125 0.25573518906250003 0.828491521875 0.281408796875 0.8393289140625001 0.2829152296875 0.8674616765625001 0.22963991250000002 0.8668904484375 0.222101484375
0 0.5311217015625 0.17791490625 0.4817713796875 0.1441573578125 0.47503064687499996 0.14525465312500002 0.46912224062499996 0.17020090937500001 0.4611900203125 0.181303984375 0.4329649125 0.181901225 0.410571803125 0.24659783281249997 0.41114303124999996 0.2541362625 0.4184549921875 0.26057739375 0.4833105921875 0.30598352812499996 0.49836436562499997 0.298808778125 0.535098640625 0.1918035453125 0.5311217015625 0.17791490625
0 0.4621363484375 0.2967113703125 0.4332693234375 0.2759724640625 0.41316684531250003 0.2679794421875 0.4032815 0.27903705625 0.3783640390625 0.3361497765625 0.37950649531249997 0.3512266328125 0.42942804375000004 0.392522609375 0.43881285 0.3877242875 0.46982912656250003 0.30817812187500004 0.4621363484375 0.2967113703125
0 0.335727075 0.36525792031250004 0.33458462031249997 0.350181065625 0.3309885 0.3413180421875 0.310505203125 0.3282994015625 0.29273666875000004 0.32537745625 0.275370609375 0.366361484375 0.310477828125 0.392262390625 0.322196578125 0.392535146875 0.32319765624999997 0.3800165578125 0.335727075 0.36525792031250004
0 0.248054234375 0.3017620640625 0.28180693125 0.27119295 0.25525219374999997 0.21664476718749998 0.24743969375 0.21646292968749997 0.23843570625 0.22628686718750002 0.23250564218749997 0.21235276875000003 0.218763078125 0.1982368296875 0.198040340625 0.2077880140625 0.1627153375 0.24333728593749998 0.2162546640625 0.3323766390625 0.22123268125 0.33374669218749997 0.241384190625 0.31665708124999997 0.248054234375 0.3017620640625
0 0.21392072031249998 0.3273055609375 0.16259561718749999 0.2546222 0.1330593015625 0.2765101296875 0.0910642546875 0.326954421875 0.0920163015625 0.33951846875 0.0973751375 0.3459141421875 0.10090056875 0.3409794421875 0.11552448906249999 0.353861703125 0.1351971171875 0.3819117421875 0.158134078125 0.38871655 0.1726873109375 0.387801090625 0.2170163015625 0.3424278765625 0.21392072031249998 0.3273055609375
0 0.301087303125 0.49990405156250006 0.2500449546875 0.482411575 0.245828575 0.491092759375 0.238391175 0.59877988125 0.282311971875 0.6123440375 0.2957934375 0.61014944375 0.3021807265625 0.5400635406250001 0.301087303125 0.49990405156250006
0 0.650745709375 0.48295866875 0.653509503125 0.4679727296875 0.6228090749999999 0.435903453125 0.596466403125 0.42274843281249996 0.5868911875 0.4250339453125 0.571434940625 0.3883027234375 0.5617890359375 0.37679051406249997 0.5520234109375 0.3765632171875 0.5398748109375 0.396347475 0.5338250265625 0.3936982875 0.5255119875 0.39977574374999997 0.49039905 0.47671818125 0.5521100375 0.5320846343750001 0.5673051874999999 0.552505325 0.59314731875 0.5719196390625 0.6000784609375 0.5733351515625 0.6080106828125 0.5622320765625 0.650745709375 0.48295866875
0 1 0.554422715625 0.9622446312499999 0.5027507734375 0.9251136000000001 0.46300668749999996 0.8833089624999999 0.5159637890625 0.8658722140625 0.543150096875 0.8666338515625001 0.5532013328125001 0.9322020562500001 0.633741340625 0.9453733921874999 0.64031885 0.955829965625 0.6367996625 0.959665528125 0.6230928609374999 0.9767921453125 0.6046786562500001 0.9757910671875001 0.61719724375 0.98215098125 0.6110743281250001 0.979626628125 0.603490440625 0.99234645625 0.5912446109375 1 0.5617341296875 1 0.554422715625
0 0.8141503546875001 0.3237174203125 0.81691415 0.30873148437500003 0.7934059609374999 0.294388246875 0.7660838671875 0.33263216875 0.7887813875 0.36200679999999996 0.805478153125 0.3636496109375 0.8212228749999999 0.352728375 0.8232957203125 0.341488921875 0.8141503546875001 0.3237174203125
0 0.7216727515625 0.5698943453124999 0.707358959375 0.54823998125 0.668726309375 0.5272737765625 0.6611749078125 0.54340246875 0.643640096875 0.6207540421875 0.7025656328125 0.6522260765625 0.7094967750000001 0.6536415921875001 0.7137131546875 0.6449604078125 0.7216727515625 0.5698943453124999
0 0.6449341484375 0.9079933796875 0.6558912609374999 0.8982148984375 0.6784964359375001 0.8749114546874999 0.6777347984375 0.8648602171875 0.6197179953124999 0.7681915171875 0.60206918125 0.7539846609375 0.578011421875 0.7709833515625 0.5549057078125 0.800546090625 0.5398519359375 0.8077208421875 0.53172930625 0.8163111078125 0.532300534375 0.8238495359375 0.561238246875 0.8583861640625001 0.574910121875 0.8587043796874999 0.58953404375 0.8715866437500001 0.594441371875 0.859158975 0.599490078125 0.87432675 0.60673135 0.866970159375 0.6122805953125 0.875878640625 0.6027053796875 0.878164153125 0.60599136875 0.8957992765625 0.6092066703125 0.8996366796874999 0.6127321015625 0.8947019796875001 0.6159474031250001 0.8985393828125 0.612421971875 0.9034740828125001 0.6268554843749999 0.9138435359375 0.6357397515625001 0.9153045078125001 0.6408374890624999 0.90538965 0.6449341484375 0.9079933796875
0 0.507290728125 0.8282841812499999 0.47421304218750004 0.713383115625 0.4143080828125 0.73331001875 0.4480767171875 0.8444646 0.484114325 0.8440491968750001 0.49935850625 0.8393872546875001 0.507290728125 0.8282841812499999
0 0.6083960015625001 0.914668075 0.6005835015625001 0.9144862375 0.5930811312500001 0.9055322984374999 0.563191371875 0.8584316234375 0.544802578125 0.8730538843750001 0.5444924484375 0.8818259875000001 0.5545898593749999 0.9121615343749999 0.5857417953125 0.9630541546875 0.601676925 0.9546457265624999 0.6203758500000001 0.9312513640625 0.6083960015625001 0.914668075
0 0.5573465 1 0.5552534328125 0.9723780390625001 0.5503951359375 0.959723075 0.5278880265625 0.9328612515625 0.4550511734375 0.9236408218750001 0.43830537343750003 0.9470806453125 0.4339692734375 0.967046740625 0.43304896875 1 0.5573465 1
0 0.9226975296875001 0.6498245734375 0.8984277046875 0.6254301015625 0.8918773796874999 0.6290402078125 0.8783468828125001 0.65631743125 0.8789181109375 0.6638558609375 0.8978291 0.6818546609375 0.9086664921875001 0.6833610921875 0.9232687578125001 0.6573629999999999 0.9226975296875001 0.6498245734375