0 0.328125 0.32038318125 0.4130859375 0.37440858125 0.4296875 0.3756649859375 0.458984375 0.3002807078125 0.458984375 0.290229471875 0.3603515625 0.2336912609375 0.328125 0.32038318125
0 0.1884765625 0.153281365625 0.1484375 0.202281146875 0.1484375 0.20981957499999998 0.1806640625 0.2638449734375 0.19140625 0.26258856875 0.21484375 0.237460475 0.228515625 0.2148451921875 0.23046875 0.202281146875 0.1884765625 0.153281365625
0 0.580078125 0.172127434375 0.5517578125 0.17087103125 0.54296875 0.1595633890625 0.53515625 0.1344352953125 0.5283203125 0.133178890625 0.4814453125 0.1658454125 0.478515625 0.1796658625 0.5234375 0.2877166625 0.5390625 0.2952550890625 0.6005859375 0.251280928125 0.607421875 0.2449989046875 0.607421875 0.237460475 0.580078125 0.172127434375
0 0.6064453125 0.2588193546875 0.5869140625 0.2663577828125 0.5595703125 0.28646025625 0.552734375 0.29776789843749996 0.58984375 0.3781777953125 0.599609375 0.38320341406249997 0.646484375 0.34299846562499997 0.646484375 0.32792160937500003 0.6171875 0.270126996875 0.6064453125 0.2588193546875
0 0.6943359375 0.3342036328125 0.69140625 0.34299846562499997 0.69140625 0.3580753203125 0.705078125 0.37315217500000003 0.70703125 0.3857162234375 0.71875 0.3857162234375 0.751953125 0.3605881296875 0.7314453125 0.3191267765625 0.7138671875 0.32163958593749997 0.6943359375 0.3342036328125
0 0.783203125 0.207306765625 0.7783203125 0.221127215625 0.7685546875 0.2110759796875 0.7607421875 0.2110759796875 0.73828125 0.265101378125 0.7744140625 0.29651149375 0.7822265625 0.3115883484375 0.8037109375 0.32917801406249997 0.80859375 0.32792160937500003 0.85546875 0.23997328437499998 0.8173828125 0.20353755156250003 0.7958984375 0.19348631249999998 0.783203125 0.207306765625
0 0.9287109375 0.3442548703125 0.93359375 0.337972846875 0.93359375 0.3254088 0.8876953125 0.27389620937500003 0.8564453125 0.251280928125 0.810546875 0.322895990625 0.80859375 0.337972846875 0.8564453125 0.38445981875 0.87109375 0.3857162234375 0.8935546875 0.3794342 0.9111328125 0.351793296875 0.9248046875 0.3392292515625 0.9287109375 0.3442548703125
0 0.736328125 0.4937670203125 0.73828125 0.53397196875 0.75 0.6043306296875001 0.763671875 0.6068434390624999 0.806640625 0.5942793921875 0.791015625 0.48622859375000005 0.7861328125 0.4774337609375 0.736328125 0.4937670203125
0 0.50390625 0.3882290328125 0.4951171875 0.38194700937500004 0.4892578125 0.38445981875 0.4755859375 0.36435734375 0.4658203125 0.36435734375 0.45703125 0.3756649859375 0.4443359375 0.4121007203125 0.4345703125 0.40958791093749997 0.4091796875 0.42215195781250003 0.380859375 0.453562071875 0.384765625 0.46863892968750004 0.43359375 0.5490488250000001 0.4423828125 0.5603564671875 0.44921875 0.5591000625 0.4736328125 0.5402539921875 0.4873046875 0.52015151875 0.544921875 0.4661261203125 0.50390625 0.3882290328125
0 0.154296875 0.49627982968750006 0.1083984375 0.44225443125 0.07421875 0.481202975 0.0390625 0.53397196875 0.05078125 0.5691512999999999 0.064453125 0.5817153453125 0.0625 0.5892537734375 0.0693359375 0.5955357968749999 0.0673828125 0.58297175 0.0859375 0.6018178203125 0.0908203125 0.6156382703125 0.1015625 0.619407484375 0.1142578125 0.6131254625 0.173828125 0.53397196875 0.173828125 0.5239207328125 0.154296875 0.49627982968750006
0 0 0.6118690578125 0.0185546875 0.63574074375 0.025390625 0.6344843390625 0.056640625 0.5993050109375 0.05859375 0.5892537734375 0.0390625 0.5691512999999999 0.029296875 0.54402320625 0.0205078125 0.5402539921875 0 0.56412568125 0 0.6118690578125
0 0.205078125 0.290229471875 0.208984375 0.3053063265625 0.201171875 0.322895990625 0.2041015625 0.3342036328125 0.220703125 0.345511275 0.2373046875 0.3442548703125 0.2578125 0.3153575625 0.2275390625 0.27640901875 0.205078125 0.290229471875
0 0.3330078125 0.532715565625 0.3203125 0.55407444375 0.333984375 0.6294587218750001 0.3388671875 0.6382535546875 0.345703125 0.6369971484375 0.40234375 0.6068434390624999 0.37890625 0.5289463515625 0.3701171875 0.512613090625 0.3330078125 0.532715565625
0 0.4580078125 0.8870216718749999 0.4609375 0.8832524578125 0.462890625 0.86566279375 0.453125 0.8631499843749999 0.4580078125 0.8543551515625 0.4658203125 0.8618935796875 0.4697265625 0.8468167234375 0.4755859375 0.8593807703125 0.4892578125 0.8468167234375 0.5029296875 0.8468167234375 0.529296875 0.8128937984375 0.529296875 0.8053553703125 0.5205078125 0.7965605375 0.5048828125 0.7890221109375 0.4794921875 0.7588683984375 0.4541015625 0.741278734375 0.4375 0.755099184375 0.38671875 0.8505859375 0.38671875 0.8606371749999999 0.4111328125 0.8845088625 0.4228515625 0.8945601 0.4267578125 0.892047290625 0.4326171875 0.9020985265625001 0.44140625 0.900842121875 0.455078125 0.8907908859375 0.451171875 0.8857652671875 0.4541015625 0.8819960531250001 0.4580078125 0.8870216718749999
0 0.5634765625 0.8292270593750001 0.5791015625 0.8342526765624999 0.615234375 0.83550908125 0.640625 0.7249454734375 0.5791015625 0.7035865953125 0.5546875 0.8179194171875 0.5634765625 0.8292270593750001
0 0.5009765625 0.8468167234375 0.474609375 0.8933036953125001 0.4677734375 0.9020985265625001 0.4599609375 0.9020985265625001 0.44921875 0.9184317875 0.4697265625 0.9423034749999999 0.486328125 0.951098309375 0.513671875 0.900842121875 0.521484375 0.8706884125000001 0.5205078125 0.8618935796875 0.5009765625 0.8468167234375
0 0.6142578125 0.9146625734375 0.5419921875 0.9222010015625 0.521484375 0.9485855000000001 0.517578125 0.9611495453125001 0.517578125 0.9938160671875 0.5244140625 0.9975852796875 0.62890625 0.9988416843750001 0.642578125 0.996328875 0.638671875 0.9586367359375 0.6328125 0.9385342609375 0.6142578125 0.9146625734375
0 0.1474609375 0.6055870343749999 0.125 0.6294587218750001 0.125 0.6369971484375 0.1416015625 0.663381646875 0.15234375 0.6621252421875 0.169921875 0.644535578125 0.169921875 0.6369971484375 0.154296875 0.6093562484375 0.1474609375 0.6055870343749999