0 1 0.1540275859375 0.969821003125 0.119105128125 0.9514006281249999 0.10593392187499999 0.9393842234375 0.1426350453125 0.9688336015625 0.1744991796875 0.970728665625 0.2015998625 0.976137884375 0.209440734375 0.991552321875 0.20743084218750002 0.9991252296875001 0.2184080640625 1 0.2186115359375 1 0.1540275859375
0 0.8245055640625001 0.070822878125 0.8123656875 0.06404953125 0.8080092828125001 0.07126459375000001 0.804676659375 0.10702335156250001 0.8250501609375 0.12031971875 0.8304884109374999 0.11467283125000001 0.8322890328125 0.08481128593750001 0.8245055640625001 0.070822878125
0 0.6167412046875 0.2973242046875 0.6108818296875 0.29694871875 0.598865425 0.3336498390625 0.634595303125 0.37191183437499997 0.642197240625 0.3694012953125 0.6513892375 0.334018025 0.6167412046875 0.2973242046875
0 0.5799004531249999 0.27098179375 0.5619012031249999 0.2638329625 0.5572761734375 0.2950123578125 0.58197705 0.314581421875 0.5876258625 0.3119457203125 0.591379609375 0.2822093390625 0.5799004531249999 0.27098179375
0 0.5451289484374999 0.1908135046875 0.5519176640625 0.1627704609375 0.5513440375 0.126761378125 0.48607769218749997 0.097098528125 0.4817212859375 0.10431359062500001 0.477009165625 0.175956265625 0.4787226984375 0.186558 0.4897807296875 0.191763171875 0.5025813234375 0.1940823171875 0.503271071875 0.17614035781249998 0.5451289484374999 0.1908135046875
0 0.42748394218749997 0.0933436703125 0.41988200468750003 0.09585420781250001 0.40311709999999995 0.120260259375 0.42322197656249994 0.157520959375 0.4319057578125 0.15657859375 0.4484601 0.1291613578125 0.42748394218749997 0.0933436703125
0 0.38445713125 0.1175656265625 0.3577160390625 0.13833468124999998 0.37454635468749997 0.18437861718749998 0.3795344484375 0.18619711562500002 0.404322415625 0.1653029 0.38445713125 0.1175656265625
0 0.39864457343750004 0.181426359375 0.39473832343750004 0.1811760359375 0.37797341875 0.2055820875 0.37839454375 0.2116044609375 0.42187886093750004 0.2773426234375 0.436211453125 0.2737645578125 0.44753810937500005 0.2550053953125 0.39864457343750004 0.181426359375
0 0.3644540453125 0.23469266093750002 0.35060063750000003 0.21731758124999997 0.34474126250000003 0.2169420953125 0.31815267187499996 0.26769785625 0.3276496734375 0.29228799687499996 0.3324272046875 0.2910953078125 0.3648751703125 0.24071503437500003 0.3644540453125 0.23469266093750002
0 0.307312553125 0.3629293765625 0.306259740625 0.3478734421875 0.28786839531249997 0.3212144765625 0.27119058125 0.3051572484375 0.26533120625 0.3047817625 0.2526831140625 0.332449321875 0.255267928125 0.3416080453125 0.30593305625 0.39881329375 0.31852308749999997 0.39812125468750004 0.32615405468750003 0.3821229546875 0.307312553125 0.3629293765625
0 0.24942325312500002 0.5360835703125 0.236412096875 0.5307532390625 0.2238510953125 0.5179575187500001 0.2066940953125 0.522853434375 0.18653115781250001 0.5125682546875 0.1800110640625 0.51664696875 0.177818346875 0.52699838125 0.1690401234375 0.47097851874999996 0.156958309375 0.43722965468749997 0.1472217140625 0.42311608281249996 0.135924090625 0.4283874859375 0.133070653125 0.44319309687499997 0.11699549843749998 0.4496571859375 0.1279664390625 0.49532563906249993 0.1366211890625 0.5078710328125 0.13725287656250001 0.51690459375 0.1545333484375 0.5554831453125 0.23912038125 0.5833864265625001 0.2460616 0.5853300875 0.25020744375000004 0.5751038390625001 0.24942325312500002 0.5360835703125
0 0.05684806875 0.5627128078125 0.0775846328125 0.6090070671875 0.10498644374999999 0.5837838140625 0.087074284375 0.5361717046875001 0.05684806875 0.5627128078125
0 0.19068435156250002 0.5997675109375 0.1875332609375 0.6520252156249999 0.2170406984375 0.65691383125 0.2209469484375 0.65716415625 0.2212736328125 0.6062243031250001 0.19068435156250002 0.5997675109375
0 0.224062028125 0.9241584906250001 0.219524090625 0.91487460625 0.223009215625 0.90910255625 0.2206349640625 0.9029550203125 0.20894524531249997 0.8887162890625 0.20437827656250002 0.8929201640625 0.19365427968749999 0.934200646875 0.1973209359375 0.9449275437500001 0.20837896718749999 0.9501327156249999 0.2172733125 0.9522015375 0.2198871546875 0.9478725015625 0.224062028125 0.9241584906250001
0 0.433990075 0.7007935140625 0.43101316718750005 0.6721246578125 0.41061063593749997 0.6723160515625 0.40854138906250004 0.726141928125 0.420681265625 0.7329152734375 0.42957560937499994 0.734984096875 0.432189453125 0.7306550578125 0.433990075 0.7007935140625
0 0.41240390937500004 0.545029 0.406755096875 0.5476647015625 0.400264034375 0.5382556546874999 0.390708971875 0.5406410328125 0.37742919218750004 0.55927503125 0.39969775625000004 0.59967208125 0.42319331718750003 0.574198503125 0.417813128125 0.552869871875 0.41240390937500004 0.545029
0 0.5505528671875 0.393505390625 0.5451436484375 0.38566451874999996 0.5327932093750001 0.3758799859375 0.5245305546875 0.382844725 0.51644943125 0.4063084109375 0.5172916812499999 0.4183531578125 0.5339694953125 0.4344103875 0.5415714328125001 0.4318998484375 0.5511845546874999 0.4025389515625 0.5505528671875 0.393505390625
0 0.5827976203125 0.4375394359375 0.5821659328125001 0.4285058765625 0.5641957125 0.4078692859375 0.5520558359375001 0.40109593906249996 0.5413608703125 0.4288886609375 0.5419925578125 0.43792222187499996 0.562997746875 0.46025214999999997 0.567985840625 0.4620706484375 0.574295371875 0.454980746875 0.5827976203125 0.4375394359375
0 0.5239716265625 0.5416866578125 0.5200944078124999 0.527948571875 0.50558028125 0.5150276921875 0.50167403125 0.51477736875 0.49317178281249996 0.5322186796875 0.4871018453125 0.5288320078125001 0.476406878125 0.5566247296875 0.4783309734375 0.5702376515625 0.49804375468749995 0.5879882171874999 0.5088912234375 0.5901822015625 0.5115050671875 0.5858531640625 0.5239716265625 0.5416866578125
0 0.47463528593750004 0.5729985140625 0.46261888124999995 0.6096996359375 0.4836240703125 0.6320295640625 0.4890623203125 0.626382675 0.49846488125 0.5940105906250001 0.47463528593750004 0.5729985140625
0 0.4459120375 0.607130165625 0.43767841250000006 0.60060714375 0.42704150625 0.6014243484375 0.42244550781249995 0.6191159828125 0.43305338281249994 0.6317865390625 0.4419477265625 0.6338553609375001 0.4463041328125 0.6266403 0.4459120375 0.607130165625
0 0.5734024093750001 0.5673370265625 0.53536369375 0.59337748125 0.5476560703125 0.630137534375 0.5517728828124999 0.6333990453125 0.5604566640625 0.632456678125 0.58894031875 0.6088016015625 0.5734024093750001 0.5673370265625
0 0.5703747906250001 0.663069196875 0.551954415625 0.649897990625 0.5346449140625 0.6248072 0.5270429765625 0.6273177390625 0.5056820734375 0.6694154250000001 0.50694545 0.687482546875 0.5303248890625001 0.715960009375 0.5528911078125 0.7189049640625 0.5722988859375 0.6766821171874999 0.5703747906250001 0.663069196875
0 0.655252128125 0.5560948812500001 0.6390244703125 0.5325722625 0.624002128125 0.554092290625 0.628961190625 0.569398546875 0.6397796296875 0.585080290625 0.6447677234375 0.586898790625 0.655673253125 0.562117253125 0.655252128125 0.5560948812500001
0 0.61607350625 0.60754268125 0.6268919453125 0.6232244265625 0.6399321312499999 0.6150669984375 0.6315169734375 0.59204503125 0.61607350625 0.60754268125
0 0.58873710625 0.7032159203125 0.57876091875 0.6995789234374999 0.5691187656250001 0.7424275796875001 0.585586015625 0.7554736234375 0.597304765625 0.7562245953125 0.5982631375 0.714318303125 0.58873710625 0.7032159203125
0 0.5215396859375 0.965704425 0.5356617171875 0.9591151734375 0.525743590625 0.9285026578125001 0.5366200890624999 0.9172088796875 0.5361989640625 0.91118650625 0.52604124375 0.8910505640625 0.49458068125 0.8860367859375 0.4919668375 0.8903658218749999 0.4920612796875 0.94732805 0.4983417796875 0.953725909375 0.49960515625 0.97179303125 0.522171375 0.9747379859375 0.5247852171875 0.9704089484375 0.5215396859375 0.965704425
0 0.5648277703125 0.8200926281250001 0.555091175 0.8059790609374999 0.5492318 0.8056035749999999 0.525286084375 0.8385425375000001 0.5352332421875 0.8556672921875 0.5473731171875 0.8624406375 0.5569281796875 0.8600552609375001 0.5670859 0.8801912046875 0.5755591171875001 0.876237653125 0.5829795234375 0.8572281671875001 0.5648277703125 0.8200926281250001
0 0.501093425 0.784532565625 0.47936945625 0.7936323578125 0.490761521875 0.8453231828125001 0.5074683656250001 0.8478926515625 0.515520459375 0.8379167265625 0.501093425 0.784532565625
0 0.5495368046875 0.8655769859375001 0.5352332421875 0.8556672921875 0.5308768359375 0.8628823562499999 0.5315085234375 0.8719159171875001 0.5453329015625 0.90277875625 0.5540166828124999 0.9018363921875 0.559694525 0.88571293125 0.5495368046875 0.8655769859375001
0 0.71328695 0.7186916703125 0.6903576671875 0.682748821875 0.6780072296874999 0.6729642890624999 0.6579677625 0.706153575 0.65859945 0.7151871359374999 0.686727390625 0.7559596703125 0.693668609375 0.75790333125 0.7045451093749999 0.7466095546875 0.71328695 0.7186916703125
0 0.8642802796875 1 0.8650500937500001 0.9982095 0.8642078421875 0.986164753125 0.846898340625 0.9610739625000001 0.8350270890625 0.9303362828124999 0.8278753078125 0.9253814374999999 0.8002339031249999 0.9610812624999999 0.8125553109375 0.984353553125 0.8186252484375001 0.9877402265624999 0.8231922171875 0.9835363515625 0.8314974218750001 1 0.8642802796875 1
0 0.8838114828125001 0.7521020796875 0.8696894531250001 0.7586913328125 0.8808709562500001 0.8073709703124999 0.89823851875 0.8054862406250001 0.889431265625 0.7629541375 0.8838114828125001 0.7521020796875
0 0.945832296875 0.7770604078125001 0.933902984375 0.7732982500000001 0.9277459562500001 0.8103748578125 0.9580956437499999 0.8273082203125 0.96569758125 0.82479768125 0.9674982046875 0.7949361359375 0.945832296875 0.7770604078125001
0 0.9137110156249999 0.7765008296875 0.9093255796875 0.7972036515625 0.9108285484374999 0.8047942000000001 0.9199334562500001 0.809874209375 0.9280145796875001 0.7864105234375 0.924137359375 0.772672440625 0.9137110156249999 0.7765008296875
0 0.828426884375 0.669113996875 0.823017665625 0.6612731265625 0.8032758515625 0.6570103203125 0.8034573843749999 0.6735092671875 0.813644134375 0.68015745 0.8144863859375 0.6922021968750001 0.8272869796875 0.6945213453125 0.8299008234375 0.6901923062499999 0.828426884375 0.669113996875
0 0.7342921390625 0.7410215984375 0.7182750437500001 0.72051016875 0.7134975125 0.7217028578125 0.7052058265625 0.7421553546874999 0.705626953125 0.7481777296875001 0.718398515625 0.7639846359375 0.723386609375 0.765803134375 0.7347132640625 0.7470439718749999 0.7342921390625 0.7410215984375