0 0 0.1520649375 0.0029296875 0.156581715625 0.01171875 0.1550761234375 0.0185546875 0.14453696875 0.0341796875 0.14754815625 0.0390625 0.1400201890625 0.0390625 0.11291950625 0.06640625 0.08280763906250001 0.0517578125 0.0451678015625 0.0341796875 0.057212549999999994 0 0.097863571875 0 0.1520649375
0 0.1767578125 0.018067121875 0.169921875 0.0316174625 0.173828125 0.06172933125 0.1796875 0.0677517046875 0.19921875 0.0557069578125 0.193359375 0.0195727140625 0.1884765625 0.012044746875 0.1767578125 0.018067121875
0 0.369140625 0.29359071875 0.380859375 0.32972496093750003 0.388671875 0.3327361484375 0.421875 0.29660190625 0.4072265625 0.2589620703125 0.4013671875 0.2589620703125 0.369140625 0.29359071875
0 0.42578125 0.24541172968749997 0.431640625 0.275523596875 0.4375 0.278534784375 0.4609375 0.26046766250000003 0.4541015625 0.22885020156250002 0.4365234375 0.23487257499999997 0.42578125 0.24541172968749997
0 0.5185546875 0.0662461109375 0.455078125 0.09184119843750001 0.45703125 0.1279754421875 0.4658203125 0.156581715625 0.5068359375 0.14453696875 0.5087890625 0.162604090625 0.521484375 0.161098496875 0.5322265625 0.156581715625 0.533203125 0.1460425625 0.5234375 0.073774078125 0.5185546875 0.0662461109375
0 0.55859375 0.10087475937499998 0.5771484375 0.129481034375 0.5859375 0.130986628125 0.603515625 0.09485238593749999 0.5849609375 0.069257296875 0.5771484375 0.0662461109375 0.55859375 0.10087475937499998
0 0.6318359375 0.162604090625 0.63671875 0.161098496875 0.650390625 0.11593069375000001 0.6220703125 0.0933467921875 0.60546875 0.1400201890625 0.6318359375 0.162604090625
0 0.6123046875 0.156581715625 0.568359375 0.22734460781250002 0.5810546875 0.24691732187499998 0.595703125 0.251434103125 0.634765625 0.188199178125 0.634765625 0.1821768046875 0.6162109375 0.156581715625 0.6123046875 0.156581715625
0 0.650390625 0.21228867343750002 0.650390625 0.21831104687499997 0.6865234375 0.2710068171875 0.69140625 0.2725124109375 0.69921875 0.2484229171875 0.6689453125 0.19572714687499998 0.6630859375 0.19572714687499998 0.650390625 0.21228867343750002
0 0.7490234375 0.2890739390625 0.7333984375 0.30412987187499996 0.716796875 0.32972496093750003 0.716796875 0.3447808953125 0.69921875 0.362848015625 0.7080078125 0.37940954531250004 0.720703125 0.3809151375 0.767578125 0.326713775 0.76953125 0.3176802140625 0.7548828125 0.2890739390625 0.7490234375 0.2890739390625
0 0.90625 0.489317865625 0.9140625 0.4441500609375 0.8974609375 0.43662209531249996 0.8935546875 0.4215661609375 0.8818359375 0.41554378593749997 0.873046875 0.42909412812500003 0.86328125 0.4622171828125 0.8583984375 0.517924140625 0.85546875 0.5073849859374999 0.8486328125 0.5028682046874999 0.8291015625 0.511901765625 0.8115234375 0.5058793921875 0.7998046875 0.517924140625 0.787109375 0.52244091875 0.7890625 0.56158635 0.7939453125 0.572125503125 0.80078125 0.570619909375 0.8837890625 0.548036009375 0.8984375 0.5103961734375 0.8984375 0.5013626125 0.90625 0.489317865625
0 0.96484375 0.6067541515625 0.982421875 0.56158635 0.9501953125 0.532980075 0.935546875 0.5796534703125 0.96484375 0.6067541515625
0 0.82421875 0.64589958125 0.828125 0.64589958125 0.857421875 0.6428883937500001 0.8505859375 0.5901926234375 0.8203125 0.5947094046875 0.82421875 0.64589958125
0 0.8525390625 0.8792665625 0.841796875 0.8928169031250001 0.83984375 0.8988392781250001 0.84375 0.9048616515625 0.83984375 0.9138952124999999 0.845703125 0.9379847078125 0.8486328125 0.9425014875000001 0.857421875 0.94099589375 0.8681640625 0.9364791125 0.87109375 0.9259399593750001 0.857421875 0.8837833421875001 0.8525390625 0.8792665625
0 0.61328125 0.6760114500000001 0.6171875 0.70612331875 0.6201171875 0.7106401 0.62890625 0.7091345046875001 0.640625 0.7031121312499999 0.634765625 0.64891076875 0.6142578125 0.647405175 0.61328125 0.6760114500000001
0 0.6298828125 0.5239465140624999 0.6240234375 0.5209353265625001 0.619140625 0.52846329375 0.615234375 0.5495416015625 0.640625 0.576642284375 0.66015625 0.5374968546875001 0.6455078125 0.517924140625 0.6357421875 0.514912953125 0.6298828125 0.5239465140624999
0 0.4912109375 0.34327530156249997 0.4794921875 0.35230886250000004 0.474609375 0.35983682968749997 0.474609375 0.36887039062500004 0.486328125 0.398982259375 0.494140625 0.4019934453125 0.509765625 0.3869375109375 0.509765625 0.3748927640625 0.5 0.35080326875 0.4912109375 0.34327530156249997
0 0.4619140625 0.37338717187500003 0.4453125 0.3929598859375 0.4453125 0.4019934453125 0.455078125 0.42006056718749996 0.4619140625 0.427588534375 0.466796875 0.426082940625 0.486328125 0.4050046328125 0.486328125 0.39597107187499997 0.4736328125 0.367364796875 0.4619140625 0.37338717187500003
0 0.5419921875 0.5028682046874999 0.5322265625 0.484801084375 0.5283203125 0.484801084375 0.5146484375 0.49684583125000004 0.51171875 0.5103961734375 0.52734375 0.555563975 0.5302734375 0.56008075625 0.541015625 0.5585751625 0.5595703125 0.542013634375 0.560546875 0.52846329375 0.5478515625 0.49985701875000005 0.5419921875 0.5028682046874999
0 0.552734375 0.5977205921875 0.55859375 0.603742965625 0.578125 0.5826646578125 0.5634765625 0.545024821875 0.541015625 0.5645975359375 0.552734375 0.5977205921875
0 0.5947265625 0.5811590640625 0.595703125 0.6007317796875 0.6005859375 0.6082597453125 0.609375 0.6067541515625 0.619140625 0.5947094046875 0.61328125 0.576642284375 0.6025390625 0.5751366890625 0.5947265625 0.5811590640625
0 0.451171875 0.573631096875 0.4814453125 0.599226184375 0.490234375 0.6007317796875 0.494140625 0.5977205921875 0.50390625 0.56158635 0.4638671875 0.532980075 0.451171875 0.573631096875
0 0.5068359375 0.5932038109375 0.4912109375 0.61729330625 0.4736328125 0.6293380546875 0.47265625 0.6428883937500001 0.4951171875 0.6865506031249999 0.517578125 0.6850450109375 0.5390625 0.6579443296874999 0.5390625 0.6398772078125 0.5146484375 0.5962149984375 0.5068359375 0.5932038109375
0 0.380859375 0.516418546875 0.380859375 0.52244091875 0.3935546875 0.548036009375 0.3984375 0.5465304140625 0.408203125 0.5314744796875 0.412109375 0.516418546875 0.3955078125 0.49383464374999997 0.380859375 0.516418546875
0 0.4140625 0.5856758453124999 0.423828125 0.570619909375 0.4072265625 0.5540583828125001 0.400390625 0.576642284375 0.4140625 0.5856758453124999
0 0.44921875 0.6790226374999999 0.453125 0.7211792531250001 0.46484375 0.7211792531250001 0.48046875 0.7091345046875001 0.4677734375 0.6654722953125 0.4580078125 0.6684834828125 0.44921875 0.6790226374999999
0 0.5654296875 0.8581882546875 0.5341796875 0.8611994421875 0.525390625 0.8807721562499999 0.525390625 0.8867945296874999 0.537109375 0.8988392781250001 0.529296875 0.928951146875 0.5439453125 0.9364791125 0.541015625 0.94099589375 0.5439453125 0.9455126734375 0.56640625 0.94400708125 0.56640625 0.9259399593750001 0.572265625 0.9199175859375 0.568359375 0.862705034375 0.5654296875 0.8581882546875
0 0.53125 0.808503671875 0.5048828125 0.7738750234375 0.4990234375 0.7738750234375 0.490234375 0.7874253625 0.474609375 0.8235596062500001 0.4833984375 0.8431323203125001 0.4921875 0.8476491015625 0.5009765625 0.8280763859375 0.5107421875 0.8310875718749999 0.5224609375 0.8250651984375 0.53125 0.808503671875
0 0.5498046875 0.819042825 0.56640625 0.8175372328125 0.57421875 0.76634705625 0.5517578125 0.7558079015625 0.541015625 0.808503671875 0.5498046875 0.819042825
0 0.5087890625 0.834098759375 0.5 0.853671475 0.5068359375 0.870233003125 0.515625 0.8717385953125 0.52734375 0.8416267281250001 0.52734375 0.8325931671875001 0.5224609375 0.8250651984375 0.5087890625 0.834098759375
0 0.3544921875 0.6413828015624999 0.333984375 0.6760114500000001 0.3447265625 0.7046177250000001 0.3564453125 0.7166624734375 0.36328125 0.715156878125 0.388671875 0.6760114500000001 0.388671875 0.6669778890625 0.3662109375 0.632349240625 0.3544921875 0.6413828015624999
0 0.263671875 0.9138952124999999 0.2333984375 0.8762553765625001 0.2265625 0.8807721562499999 0.216796875 0.910884025 0.201171875 0.9349735203125 0.201171875 0.9470182671874999 0.20703125 0.9590630140625 0.2158203125 0.9726133562499999 0.224609375 0.9741189484375001 0.2421875 0.9349735203125 0.2470703125 0.9394902999999999 0.2529296875 0.9364791125 0.263671875 0.9138952124999999
0 0.154296875 0.751291121875 0.171875 0.754302309375 0.1796875 0.70612331875 0.1650390625 0.6985953515625 0.16015625 0.7091345046875001 0.154296875 0.751291121875
0 0.083984375 0.7362351874999999 0.087890625 0.76634705625 0.095703125 0.76935824375 0.125 0.754302309375 0.1162109375 0.7166624734375 0.1044921875 0.7196736593749999 0.083984375 0.7362351874999999
0 0.1259765625 0.7166624734375 0.123046875 0.7302128140625 0.1328125 0.754302309375 0.1416015625 0.749785528125 0.142578125 0.7422575609375001 0.13671875 0.7211792531250001 0.1259765625 0.7166624734375
0 0.2197265625 0.6112709328125 0.21484375 0.6187988984375 0.21484375 0.6398772078125 0.2177734375 0.6443939890625 0.23046875 0.6428883937500001 0.23046875 0.630843646875 0.240234375 0.6248212734374999 0.2392578125 0.6082597453125 0.2197265625 0.6112709328125
0 0.3291015625 0.67751704375 0.314453125 0.6970897578125 0.314453125 0.7031121312499999 0.3271484375 0.722684846875 0.33203125 0.7211792531250001 0.34375 0.70612331875 0.34375 0.70010094375 0.333984375 0.6790226374999999 0.3291015625 0.67751704375