0 0.63273580625 0.3554687515625 0.320179565625 0.3994140609375 0.32889193125 0.5341796859375 0.35393999531250003 0.5820312484375 0.39205660781249996 0.5849609390625 0.44759796406249996 0.5644531265625 0.608776790625 0.556640625 0.662140053125 0.5283203140625 0.63273580625 0.3554687515625
0 0.5608587593750001 0.5761718734375 0.35285094687499996 0.8447265640625 0.46502270156250003 0.927734375 0.494426946875 0.9306640609375 0.568482084375 0.8681640609375 0.6882771625 0.6943359390625 0.6839209734375 0.6572265640625 0.5608587593750001 0.5761718734375
0 0.408392303125 0.585937503125 0.31146719375 0.7158203140625 0.3169124234375 0.740234375 0.385522334375 0.7783203140625 0.545612115625 0.572265625 0.65016054375 0.625 0.7536199265625 0.5263671875 0.408392303125 0.585937503125
0 0.3158233828125 0.3994140609375 0.27988485937499996 0.382812496875 0.23305587499999997 0.4208984359375 0.1502883671875 0.5439453140625 0.3332481203125 0.6630859390625 0.3877004234375 0.5927734359375 0.35611808906250003 0.585937503125 0.3245357484375 0.5361328125 0.3158233828125 0.3994140609375
0 0.30711101093750004 0.3212890609375 0.3256247953125 0.3125 0.4094813515625 0.3779296859375 0.5543244875 0.3574218734375 0.5728382671875 0.3408203140625 0.3800771046875 0.21875 0.30711101093750004 0.3212890609375
0 0.5630368531250001 0.19531249687500002 0.5031393140625 0.2783203140625 0.5989753765625 0.3505859390625 0.64798245 0.349609375 0.67085241875 0.3134765640625 0.655605775 0.2685546859375 0.5630368531250001 0.19531249687500002
0 0.6926333453125 0.3212890609375 0.8396545703125 0.304687503125 0.8647026328124999 0.3876953140625 0.8690588171875 0.2646484359375 0.7133252203125 0.171875 0.6664962359375 0.2353515640625 0.6926333453125 0.3212890609375
0 0.7372842359375 0.3632812484375 0.7525308796875 0.4082031265625 0.8178736484375 0.4023437515625 0.866880728125 0.4208984359375 0.8374764812500001 0.304687503125 0.65778386875 0.3349609390625 0.6741195609374999 0.3632812484375 0.7372842359375 0.3632812484375
0 0.1524664609375 0.6962890609375 0.211274953125 0.5947265640625 0.1426650421875 0.5332031265625 0.058808492187500006 0.6455078125 0.1524664609375 0.6962890609375
0 0 0.2744140609375 0.039205659375 0.2841796859375 0.2602820265625 0 0 0.0009765640625 0 0.2744140609375
0 0.0043561828125 0.8857421875 0.001089046875 1 0.20038449218749999 0.9990234359375 0.0043561828125 0.8857421875